State-Code,Name,TRU,Education-Level,Tot-P,Tot-M,Tot-F,Persons-exactly-1,Males-exactly-1,Females-exactly-1,Persons-exactly-2,Males-exactly-2,Females-exactly-2,Persons-atleast-3,Males-atleast-3,Females-atleast-3
0,INDIA,Rural,Total,833748852,427781058,405967794,671107367,334793006,336314361,127257496,71216990,56040506,35383989,21771062,13612927
0,INDIA,Rural,Illiterate,350955017,146419684,204535333,320751009,133644969,187106040,27969932,11669096,16300836,2234076,1105619,1128457
0,INDIA,Rural,Literate,482793835,281361374,201432461,350356358,201148037,149208321,99287564,59547894,39739670,33149913,20665443,12484470
0,INDIA,Rural,Literate but below primary,109643998,59106785,50537213,91156271,48753758,42402513,16736755,9319082,7417673,1750972,1033945,717027
0,INDIA,Rural,Primary but below middle,130265150,71805082,58460068,101338986,55459637,45879349,24427027,13767182,10659845,4499137,2578263,1920874
0,INDIA,Rural,Middle but below matric/secondary,90343798,53864377,36479421,65385951,38796015,26589936,18947772,11460196,7487576,6010075,3608166,2401909
0,INDIA,Rural,Matric/Secondary but below graduate,105238622,66910802,38327820,62938429,40112691,22825738,27751132,17612327,10138805,14549061,9185784,5363277
0,INDIA,Rural,Graduate and above,22339967,15659295,6680672,10577877,7596692,2981185,6671649,4592542,2079107,5090441,3470061,1620380
0,INDIA,Total,Total,1210854977,623270258,587584719,895866207,446573875,449292332,228979190,126159551,102819639,86009580,50536832,35472748
0,INDIA,Total,Illiterate,447216165,188506636,258709529,404949897,170655052,234294845,38386410,15961299,22425111,3879858,1890285,1989573
0,INDIA,Total,Literate,763638812,434763622,328875190,490916310,275918823,214997487,190592780,110198252,80394528,82129722,48646547,33483175
0,INDIA,Total,Literate but below primary,146897597,78445099,68452498,117552493,62318140,55234353,25611488,14018935,11592553,3733616,2108024,1625592
0,INDIA,Total,Primary but below middle,184170833,99311072,84859761,135600289,72722576,62877713,39934248,21806285,18127963,8636296,4782211,3854085
0,INDIA,Total,Middle but below matric/secondary,133903266,77629578,56273688,90786605,52414721,38371884,32373311,18948568,13424743,10743350,6266289,4477061
0,INDIA,Total,Matric/Secondary but below graduate,192193344,116331881,75861463,98989269,60309432,38679837,59304856,35611302,23693554,33899219,20411147,13488072
0,INDIA,Total,Graduate and above,68288971,42120460,26168511,21330922,13834840,7496082,24811506,14969198,9842308,22146543,13316422,8830121
0,INDIA,Urban,Total,377106125,195489200,181616925,224758840,111780869,112977971,101721694,54942561,46779133,50625591,28765770,21859821
0,INDIA,Urban,Illiterate,96261148,42086952,54174196,84198888,37010083,47188805,10416478,4292203,6124275,1645782,784666,861116
0,INDIA,Urban,Literate,280844977,153402248,127442729,140559952,74770786,65789166,91305216,50650358,40654858,48979809,27981104,20998705
0,INDIA,Urban,Literate but below primary,37253599,19338314,17915285,26396222,13564382,12831840,8874733,4699853,4174880,1982644,1074079,908565
0,INDIA,Urban,Primary but below middle,53905683,27505990,26399693,34261303,17262939,16998364,15507221,8039103,7468118,4137159,2203948,1933211
0,INDIA,Urban,Middle but below matric/secondary,43559468,23765201,19794267,25400654,13618706,11781948,13425539,7488372,5937167,4733275,2658123,2075152
0,INDIA,Urban,Matric/Secondary but below graduate,86954722,49421079,37533643,36050840,20196741,15854099,31553724,17998975,13554749,19350158,11225363,8124795
0,INDIA,Urban,Graduate and above,45949004,26461165,19487839,10753045,6238148,4514897,18139857,10376656,7763201,17056102,9846361,7209741
1,JAMMU & KASHMIR,Rural,Total,9108060,4774477,4333583,4940822,2304114,2636708,2908514,1691659,1216855,1258724,778704,480020
1,JAMMU & KASHMIR,Rural,Illiterate,4360110,1882728,2477382,3745937,1607368,2138569,503914,222808,281106,110259,52552,57707
1,JAMMU & KASHMIR,Rural,Literate,4747950,2891749,1856201,1194885,696746,498139,2404600,1468851,935749,1148465,726152,422313
1,JAMMU & KASHMIR,Rural,Literate but below primary,763590,419327,344263,337227,180966,156261,351644,196268,155376,74719,42093,32626
1,JAMMU & KASHMIR,Rural,Primary but below middle,999472,564510,434962,279127,151473,127654,571735,325809,245926,148610,87228,61382
1,JAMMU & KASHMIR,Rural,Middle but below matric/secondary,1243109,770561,472548,254333,150940,103393,731324,456914,274410,257452,162707,94745
1,JAMMU & KASHMIR,Rural,Matric/Secondary but below graduate,1350234,878414,471820,232252,157499,74753,634775,413099,221676,483207,307816,175391
1,JAMMU & KASHMIR,Rural,Graduate and above,254288,173914,80374,24558,16354,8204,66078,45052,21026,163652,112508,51144
1,JAMMU & KASHMIR,Total,Total,12541302,6640662,5900640,6358112,3005843,3352269,4086970,2376063,1710907,2096220,1258756,837464
1,JAMMU & KASHMIR,Total,Illiterate,5474069,2375991,3098078,4709394,2032772,2676622,631892,280421,351471,132783,62798,69985
1,JAMMU & KASHMIR,Total,Literate,7067233,4264671,2802562,1648718,973071,675647,3455078,2095642,1359436,1963437,1195958,767479
1,JAMMU & KASHMIR,Total,Literate but below primary,987774,541130,446644,418639,224847,193792,466321,258690,207631,102814,57593,45221
1,JAMMU & KASHMIR,Total,Primary but below middle,1285909,719512,566397,350088,190099,159989,739407,416281,323126,196414,113132,83282
1,JAMMU & KASHMIR,Total,Middle but below matric/secondary,1666381,1015129,651252,334574,197318,137256,982967,603140,379827,348840,214671,134169
1,JAMMU & KASHMIR,Total,Matric/Secondary but below graduate,2244013,1443868,800145,379706,260908,118798,1028287,666356,361931,836020,516604,319416
1,JAMMU & KASHMIR,Total,Graduate and above,653764,401279,252485,56046,34158,21888,157176,98348,58828,440542,268773,171769
1,JAMMU & KASHMIR,Urban,Total,3433242,1866185,1567057,1417290,701729,715561,1178456,684404,494052,837496,480052,357444
1,JAMMU & KASHMIR,Urban,Illiterate,1113959,493263,620696,963457,425404,538053,127978,57613,70365,22524,10246,12278
1,JAMMU & KASHMIR,Urban,Literate,2319283,1372922,946361,453833,276325,177508,1050478,626791,423687,814972,469806,345166
1,JAMMU & KASHMIR,Urban,Literate but below primary,224184,121803,102381,81412,43881,37531,114677,62422,52255,28095,15500,12595
1,JAMMU & KASHMIR,Urban,Primary but below middle,286437,155002,131435,70961,38626,32335,167672,90472,77200,47804,25904,21900
1,JAMMU & KASHMIR,Urban,Middle but below matric/secondary,423272,244568,178704,80241,46378,33863,251643,146226,105417,91388,51964,39424
1,JAMMU & KASHMIR,Urban,Matric/Secondary but below graduate,893779,565454,328325,147454,103409,44045,393512,253257,140255,352813,208788,144025
1,JAMMU & KASHMIR,Urban,Graduate and above,399476,227365,172111,31488,17804,13684,91098,53296,37802,276890,156265,120625
2,HIMACHAL PRADESH,Rural,Total,6176050,3110345,3065705,5194532,2571544,2622988,700701,375762,324939,280817,163039,117778
2,HIMACHAL PRADESH,Rural,Illiterate,1704314,672524,1031790,1625757,641813,983944,74781,28772,46009,3776,1939,1837
2,HIMACHAL PRADESH,Rural,Literate,4471736,2437821,2033915,3568775,1929731,1639044,625920,346990,278930,277041,161100,115941
2,HIMACHAL PRADESH,Rural,Literate but below primary,559188,297122,262066,469910,247940,221970,81268,44560,36708,8010,4622,3388
2,HIMACHAL PRADESH,Rural,Primary but below middle,1081117,532805,548312,901384,440818,460566,152300,77016,75284,27433,14971,12462
2,HIMACHAL PRADESH,Rural,Middle but below matric/secondary,755572,412688,342884,608451,331251,277200,105657,58257,47400,41464,23180,18284
2,HIMACHAL PRADESH,Rural,Matric/Secondary but below graduate,1632461,951146,681315,1263307,731896,531411,219095,129968,89127,150059,89282,60777
2,HIMACHAL PRADESH,Rural,Graduate and above,315940,181122,134818,219721,126872,92849,51559,28472,23087,44660,25778,18882
2,HIMACHAL PRADESH,Total,Total,6864602,3481873,3382729,5621897,2797907,2823990,895419,483488,411931,347286,200478,146808
2,HIMACHAL PRADESH,Total,Illiterate,1824866,729283,1095583,1734570,693002,1041568,85483,33735,51748,4813,2546,2267
2,HIMACHAL PRADESH,Total,Literate,5039736,2752590,2287146,3887327,2104905,1782422,809936,449753,360183,342473,197932,144541
2,HIMACHAL PRADESH,Total,Literate but below primary,611475,326058,285417,505997,267717,238280,95417,52503,42914,10061,5838,4223
2,HIMACHAL PRADESH,Total,Primary but below middle,1162995,576764,586231,956123,469781,486342,175150,89586,85564,31722,17397,14325
2,HIMACHAL PRADESH,Total,Middle but below matric/secondary,826611,452919,373692,651261,354927,296334,127495,70960,56535,47855,27032,20823
2,HIMACHAL PRADESH,Total,Matric/Secondary but below graduate,1852386,1076380,776006,1383932,799947,583985,290319,170982,119337,178135,105451,72684
2,HIMACHAL PRADESH,Total,Graduate and above,446609,251164,195445,276382,157694,118688,102118,55158,46960,68109,38312,29797
2,HIMACHAL PRADESH,Urban,Total,688552,371528,317024,427365,226363,201002,194718,107726,86992,66469,37439,29030
2,HIMACHAL PRADESH,Urban,Illiterate,120552,56759,63793,108813,51189,57624,10702,4963,5739,1037,607,430
2,HIMACHAL PRADESH,Urban,Literate,568000,314769,253231,318552,175174,143378,184016,102763,81253,65432,36832,28600
2,HIMACHAL PRADESH,Urban,Literate but below primary,52287,28936,23351,36087,19777,16310,14149,7943,6206,2051,1216,835
2,HIMACHAL PRADESH,Urban,Primary but below middle,81878,43959,37919,54739,28963,25776,22850,12570,10280,4289,2426,1863
2,HIMACHAL PRADESH,Urban,Middle but below matric/secondary,71039,40231,30808,42810,23676,19134,21838,12703,9135,6391,3852,2539
2,HIMACHAL PRADESH,Urban,Matric/Secondary but below graduate,219925,125234,94691,120625,68051,52574,71224,41014,30210,28076,16169,11907
2,HIMACHAL PRADESH,Urban,Graduate and above,130669,70042,60627,56661,30822,25839,50559,26686,23873,23449,12534,10915
3,PUNJAB,Rural,Total,17344192,9093476,8250716,10261012,5095216,5165796,2852310,1593793,1258517,4230870,2404467,1826403
3,PUNJAB,Rural,Illiterate,6346535,2934669,3411866,6082613,2806579,3276034,190620,89299,101321,73302,38791,34511
3,PUNJAB,Rural,Literate,10997657,6158807,4838850,4178399,2288637,1889762,2661690,1504494,1157196,4157568,2365676,1791892
3,PUNJAB,Rural,Literate but below primary,1454338,832909,621429,1069294,611314,457980,242689,139408,103281,142355,82187,60168
3,PUNJAB,Rural,Primary but below middle,2953365,1555595,1397770,1584688,807579,777109,877803,470074,407729,490874,277942,212932
3,PUNJAB,Rural,Middle but below matric/secondary,1965243,1117838,847405,599718,341198,258520,634547,360612,273935,730978,416028,314950
3,PUNJAB,Rural,Matric/Secondary but below graduate,3788069,2225263,1562806,641994,382784,259210,799212,477315,321897,2346863,1365164,981699
3,PUNJAB,Rural,Graduate and above,460985,227170,233815,42576,20891,21685,50762,26108,24654,367647,180171,187476
3,PUNJAB,Total,Total,27743338,14639465,13103873,14708114,7355282,7352832,5205311,2900342,2304969,7829913,4383841,3446072
3,PUNJAB,Total,Illiterate,9036201,4203409,4832792,8481731,3938824,4542907,415006,191475,223531,139464,73110,66354
3,PUNJAB,Total,Literate,18707137,10436056,8271081,6226383,3416458,2809925,4790305,2708867,2081438,7690449,4310731,3379718
3,PUNJAB,Total,Literate but below primary,2227684,1273936,953748,1487522,849207,638315,462584,264682,197902,277578,160047,117531
3,PUNJAB,Total,Primary but below middle,4288200,2273540,2014660,2155163,1108095,1047068,1367999,733458,634541,765038,431987,333051
3,PUNJAB,Total,Middle but below matric/secondary,3066305,1747063,1319242,918971,524731,394240,1035260,589551,445709,1112074,632781,479293
3,PUNJAB,Total,Matric/Secondary but below graduate,6755536,3945160,2810376,1148265,676519,471746,1567679,933897,633782,4039592,2334744,1704848
3,PUNJAB,Total,Graduate and above,1760846,873776,887070,163878,75564,88314,247245,127574,119671,1349723,670638,679085
3,PUNJAB,Urban,Total,10399146,5545989,4853157,4447102,2260066,2187036,2353001,1306549,1046452,3599043,1979374,1619669
3,PUNJAB,Urban,Illiterate,2689666,1268740,1420926,2399118,1132245,1266873,224386,102176,122210,66162,34319,31843
3,PUNJAB,Urban,Literate,7709480,4277249,3432231,2047984,1127821,920163,2128615,1204373,924242,3532881,1945055,1587826
3,PUNJAB,Urban,Literate but below primary,773346,441027,332319,418228,237893,180335,219895,125274,94621,135223,77860,57363
3,PUNJAB,Urban,Primary but below middle,1334835,717945,616890,570475,300516,269959,490196,263384,226812,274164,154045,120119
3,PUNJAB,Urban,Middle but below matric/secondary,1101062,629225,471837,319253,183533,135720,400713,228939,171774,381096,216753,164343
3,PUNJAB,Urban,Matric/Secondary but below graduate,2967467,1719897,1247570,506271,293735,212536,768467,456582,311885,1692729,969580,723149
3,PUNJAB,Urban,Graduate and above,1299861,646606,653255,121302,54673,66629,196483,101466,95017,982076,490467,491609
4,CHANDIGARH,Rural,Total,28991,17150,11841,17268,10081,7187,7370,4422,2948,4353,2647,1706
4,CHANDIGARH,Rural,Illiterate,9030,4398,4632,8177,4019,4158,806,356,450,47,23,24
4,CHANDIGARH,Rural,Literate,19961,12752,7209,9091,6062,3029,6564,4066,2498,4306,2624,1682
4,CHANDIGARH,Rural,Literate but below primary,2997,1738,1259,2035,1196,839,778,436,342,184,106,78
4,CHANDIGARH,Rural,Primary but below middle,4091,2484,1607,2172,1391,781,1489,840,649,430,253,177
4,CHANDIGARH,Rural,Middle but below matric/secondary,3461,2269,1192,1719,1203,516,1165,731,434,577,335,242
4,CHANDIGARH,Rural,Matric/Secondary but below graduate,7252,4886,2366,2600,1885,715,2408,1601,807,2244,1400,844
4,CHANDIGARH,Rural,Graduate and above,1872,1195,677,408,286,122,624,400,224,840,509,331
4,CHANDIGARH,Total,Total,1055450,580663,474787,475530,257765,217765,257941,144341,113600,321979,178557,143422
4,CHANDIGARH,Total,Illiterate,250012,115317,134695,226305,105598,120707,20540,8420,12120,3167,1299,1868
4,CHANDIGARH,Total,Literate,805438,465346,340092,249225,152167,97058,237401,135921,101480,318812,177258,141554
4,CHANDIGARH,Total,Literate but below primary,90869,51211,39658,55369,31249,24120,23262,13006,10256,12238,6956,5282
4,CHANDIGARH,Total,Primary but below middle,130243,73645,56598,68112,39776,28336,39057,20893,18164,23074,12976,10098
4,CHANDIGARH,Total,Middle but below matric/secondary,111879,67964,43915,47937,31246,16691,36999,21494,15505,26943,15224,11719
4,CHANDIGARH,Total,Matric/Secondary but below graduate,265112,161391,103721,58634,39335,19299,87594,53199,34395,118884,68857,50027
4,CHANDIGARH,Total,Graduate and above,194453,104748,89705,11799,6998,4801,47574,25931,21643,135080,71819,63261
4,CHANDIGARH,Urban,Total,1026459,563513,462946,458262,247684,210578,250571,139919,110652,317626,175910,141716
4,CHANDIGARH,Urban,Illiterate,240982,110919,130063,218128,101579,116549,19734,8064,11670,3120,1276,1844
4,CHANDIGARH,Urban,Literate,785477,452594,332883,240134,146105,94029,230837,131855,98982,314506,174634,139872
4,CHANDIGARH,Urban,Literate but below primary,87872,49473,38399,53334,30053,23281,22484,12570,9914,12054,6850,5204
4,CHANDIGARH,Urban,Primary but below middle,126152,71161,54991,65940,38385,27555,37568,20053,17515,22644,12723,9921
4,CHANDIGARH,Urban,Middle but below matric/secondary,108418,65695,42723,46218,30043,16175,35834,20763,15071,26366,14889,11477
4,CHANDIGARH,Urban,Matric/Secondary but below graduate,257860,156505,101355,56034,37450,18584,85186,51598,33588,116640,67457,49183
4,CHANDIGARH,Urban,Graduate and above,192581,103553,89028,11391,6712,4679,46950,25531,21419,134240,71310,62930
5,UTTARAKHAND,Rural,Total,7036954,3519042,3517912,6201723,3051074,3150649,764620,425075,339545,70611,42893,27718
5,UTTARAKHAND,Rural,Illiterate,2422904,922871,1500033,2259855,856310,1403545,160072,65258,94814,2977,1303,1674
5,UTTARAKHAND,Rural,Literate,4614050,2596171,2017879,3941868,2194764,1747104,604548,359817,244731,67634,41590,26044
5,UTTARAKHAND,Rural,Literate but below primary,763789,405044,358745,667071,351466,315605,93132,51615,41517,3586,1963,1623
5,UTTARAKHAND,Rural,Primary but below middle,1158397,595425,562972,1009365,511213,498152,141780,80062,61718,7252,4150,3102
5,UTTARAKHAND,Rural,Middle but below matric/secondary,1055738,607483,448255,930502,530354,400148,114103,70356,43747,11133,6773,4360
5,UTTARAKHAND,Rural,Matric/Secondary but below graduate,1139544,703380,436164,953772,585296,368476,158251,100441,57810,27521,17643,9878
5,UTTARAKHAND,Rural,Graduate and above,386054,231662,154392,287266,172658,114608,81991,48861,33130,16797,10143,6654
5,UTTARAKHAND,Total,Total,10086292,5137773,4948519,8328536,4155011,4173525,1569934,873233,696701,187822,109529,78293
5,UTTARAKHAND,Total,Illiterate,3205339,1274065,1931274,2956383,1170495,1785888,244184,101518,142666,4772,2052,2720
5,UTTARAKHAND,Total,Literate,6880953,3863708,3017245,5372153,2984516,2387637,1325750,771715,554035,183050,107477,75573
5,UTTARAKHAND,Total,Literate but below primary,1034583,554430,480153,872178,464414,407764,155269,86057,69212,7136,3959,3177
5,UTTARAKHAND,Total,Primary but below middle,1550574,803056,747518,1296227,659038,637189,239726,135795,103931,14621,8223,6398
5,UTTARAKHAND,Total,Middle but below matric/secondary,1406871,806770,600101,1181983,670915,511068,202634,122352,80282,22254,13503,8751
5,UTTARAKHAND,Total,Matric/Secondary but below graduate,1815486,1105814,709672,1365451,828531,536920,380659,234683,145976,69376,42600,26776
5,UTTARAKHAND,Total,Graduate and above,910288,512068,398220,526998,299193,227805,317358,176014,141344,65932,36861,29071
5,UTTARAKHAND,Urban,Total,3049338,1618731,1430607,2126813,1103937,1022876,805314,448158,357156,117211,66636,50575
5,UTTARAKHAND,Urban,Illiterate,782435,351194,431241,696528,314185,382343,84112,36260,47852,1795,749,1046
5,UTTARAKHAND,Urban,Literate,2266903,1267537,999366,1430285,789752,640533,721202,411898,309304,115416,65887,49529
5,UTTARAKHAND,Urban,Literate but below primary,270794,149386,121408,205107,112948,92159,62137,34442,27695,3550,1996,1554
5,UTTARAKHAND,Urban,Primary but below middle,392177,207631,184546,286862,147825,139037,97946,55733,42213,7369,4073,3296
5,UTTARAKHAND,Urban,Middle but below matric/secondary,351133,199287,151846,251481,140561,110920,88531,51996,36535,11121,6730,4391
5,UTTARAKHAND,Urban,Matric/Secondary but below graduate,675942,402434,273508,411679,243235,168444,222408,134242,88166,41855,24957,16898
5,UTTARAKHAND,Urban,Graduate and above,524234,280406,243828,239732,126535,113197,235367,127153,108214,49135,26718,22417
6,HARYANA,Rural,Total,16509359,8774006,7735353,13751817,7122253,6629564,2194575,1307460,887115,562967,344293,218674
6,HARYANA,Rural,Illiterate,6350917,2633907,3717010,6073767,2518585,3555182,266790,109793,156997,10360,5529,4831
6,HARYANA,Rural,Literate,10158442,6140099,4018343,7678050,4603668,3074382,1927785,1197667,730118,552607,338764,213843
6,HARYANA,Rural,Literate but below primary,1721502,979683,741819,1477288,836820,640468,229883,134257,95626,14331,8606,5725
6,HARYANA,Rural,Primary but below middle,2663725,1481060,1182665,2177430,1200046,977384,419220,241115,178105,67075,39899,27176
6,HARYANA,Rural,Middle but below matric/secondary,1790768,1044222,746546,1353110,787497,565613,332687,196140,136547,104971,60585,44386
6,HARYANA,Rural,Matric/Secondary but below graduate,3163290,2113805,1049485,2145482,1447959,697523,735706,488658,247048,282102,177188,104914
6,HARYANA,Rural,Graduate and above,565061,381815,183246,323022,223036,99986,168748,112581,56167,73291,46198,27093
6,HARYANA,Total,Total,25351462,13494734,11856728,19724101,10237089,9487012,4456790,2576417,1880373,1170571,681228,489343
6,HARYANA,Total,Illiterate,8752474,3700667,5051807,8350990,3529329,4821661,381376,160533,220843,20108,10805,9303
6,HARYANA,Total,Literate,16598988,9794067,6804921,11373111,6707760,4665351,4075414,2415884,1659530,1150463,670423,480040
6,HARYANA,Total,Literate but below primary,2473145,1403012,1070133,2094097,1183542,910555,350587,202714,147873,28461,16756,11705
6,HARYANA,Total,Primary but below middle,3772022,2075334,1696688,3039798,1660296,1379502,634551,357656,276895,97673,57382,40291
6,HARYANA,Total,Middle but below matric/secondary,2705282,1557670,1147612,1984537,1142857,841680,570313,328458,241855,150432,86355,64077
6,HARYANA,Total,Matric/Secondary but below graduate,5343778,3426435,1917343,3255053,2127024,1128029,1577027,988975,588052,511698,310436,201262
6,HARYANA,Total,Graduate and above,1877085,1102809,774276,684568,428393,256175,853897,487771,366126,338620,186645,151975
6,HARYANA,Urban,Total,8842103,4720728,4121375,5972284,3114836,2857448,2262215,1268957,993258,607604,336935,270669
6,HARYANA,Urban,Illiterate,2401557,1066760,1334797,2277223,1010744,1266479,114586,50740,63846,9748,5276,4472
6,HARYANA,Urban,Literate,6440546,3653968,2786578,3695061,2104092,1590969,2147629,1218217,929412,597856,331659,266197
6,HARYANA,Urban,Literate but below primary,751643,423329,328314,616809,346722,270087,120704,68457,52247,14130,8150,5980
6,HARYANA,Urban,Primary but below middle,1108297,594274,514023,862368,460250,402118,215331,116541,98790,30598,17483,13115
6,HARYANA,Urban,Middle but below matric/secondary,914514,513448,401066,631427,355360,276067,237626,132318,105308,45461,25770,19691
6,HARYANA,Urban,Matric/Secondary but below graduate,2180488,1312630,867858,1109571,679065,430506,841321,500317,341004,229596,133248,96348
6,HARYANA,Urban,Graduate and above,1312024,720994,591030,361546,205357,156189,685149,375190,309959,265329,140447,124882
7,NCT OF DELHI,Rural,Total,419042,226321,192721,320329,166817,153512,93239,56168,37071,5474,3336,2138
7,NCT OF DELHI,Rural,Illiterate,122442,51994,70448,117982,50178,67804,4401,1782,2619,59,34,25
7,NCT OF DELHI,Rural,Literate,296600,174327,122273,202347,116639,85708,88838,54386,34452,5415,3302,2113
7,NCT OF DELHI,Rural,Literate but below primary,40394,22595,17799,36432,20335,16097,3881,2220,1661,81,40,41
7,NCT OF DELHI,Rural,Primary but below middle,59411,31897,27514,51086,27153,23933,8051,4595,3456,274,149,125
7,NCT OF DELHI,Rural,Middle but below matric/secondary,52739,30035,22704,41061,23309,17752,11057,6340,4717,621,386,235
7,NCT OF DELHI,Rural,Matric/Secondary but below graduate,106976,67448,39528,60123,37964,22159,44430,27998,16432,2423,1486,937
7,NCT OF DELHI,Rural,Graduate and above,28558,17725,10833,7567,4730,2837,19164,11868,7296,1827,1127,700
7,NCT OF DELHI,Total,Total,16787941,8987326,7800615,9970727,5194868,4775859,5458981,3050945,2408036,1358233,741513,616720
7,NCT OF DELHI,Total,Illiterate,4050174,1792470,2257704,3753331,1667018,2086313,283255,119397,163858,13588,6055,7533
7,NCT OF DELHI,Total,Literate,12737767,7194856,5542911,6217396,3527850,2689546,5175726,2931548,2244178,1344645,735458,609187
7,NCT OF DELHI,Total,Literate but below primary,1458061,796975,661086,1118777,610190,508587,299453,165174,134279,39831,21611,18220
7,NCT OF DELHI,Total,Primary but below middle,2230894,1197622,1033272,1622719,866827,755892,534204,290678,243526,73971,40117,33854
7,NCT OF DELHI,Total,Middle but below matric/secondary,1931411,1099958,831453,1255818,720464,535354,578533,325553,252980,97060,53941,43119
7,NCT OF DELHI,Total,Matric/Secondary but below graduate,3891873,2316711,1575162,1633010,1002541,630469,1835533,1077849,757684,423330,236321,187009
7,NCT OF DELHI,Total,Graduate and above,2757844,1535972,1221872,351201,203846,147355,1747139,974607,772532,659504,357519,301985
7,NCT OF DELHI,Urban,Total,16368899,8761005,7607894,9650398,5028051,4622347,5365742,2994777,2370965,1352759,738177,614582
7,NCT OF DELHI,Urban,Illiterate,3927732,1740476,2187256,3635349,1616840,2018509,278854,117615,161239,13529,6021,7508
7,NCT OF DELHI,Urban,Literate,12441167,7020529,5420638,6015049,3411211,2603838,5086888,2877162,2209726,1339230,732156,607074
7,NCT OF DELHI,Urban,Literate but below primary,1417667,774380,643287,1082345,589855,492490,295572,162954,132618,39750,21571,18179
7,NCT OF DELHI,Urban,Primary but below middle,2171483,1165725,1005758,1571633,839674,731959,526153,286083,240070,73697,39968,33729
7,NCT OF DELHI,Urban,Middle but below matric/secondary,1878672,1069923,808749,1214757,697155,517602,567476,319213,248263,96439,53555,42884
7,NCT OF DELHI,Urban,Matric/Secondary but below graduate,3784897,2249263,1535634,1572887,964577,608310,1791103,1049851,741252,420907,234835,186072
7,NCT OF DELHI,Urban,Graduate and above,2729286,1518247,1211039,343634,199116,144518,1727975,962739,765236,657677,356392,301285
8,RAJASTHAN,Rural,Total,51500352,26641747,24858605,47253326,24047937,23205389,3637519,2179192,1458327,609507,414618,194889
8,RAJASTHAN,Rural,Illiterate,25028566,9737158,15291408,24323470,9463368,14860102,683314,263018,420296,21782,10772,11010
8,RAJASTHAN,Rural,Literate,26471786,16904589,9567197,22929856,14584569,8345287,2954205,1916174,1038031,587725,403846,183879
8,RAJASTHAN,Rural,Literate but below primary,6350821,3506792,2844029,5740622,3156596,2584026,590782,338524,252258,19417,11672,7745
8,RAJASTHAN,Rural,Primary but below middle,8056837,4849831,3207006,7142122,4289847,2852275,839911,514122,325789,74804,45862,28942
8,RAJASTHAN,Rural,Middle but below matric/secondary,5238474,3592691,1645783,4524140,3123922,1400218,575002,378218,196784,139332,90551,48781
8,RAJASTHAN,Rural,Matric/Secondary but below graduate,4288581,3177365,1111216,3456226,2585548,870678,596456,426576,169880,235899,165241,70658
8,RAJASTHAN,Rural,Graduate and above,1130814,905012,225802,822404,663994,158410,210342,165100,45242,98068,75918,22150
8,RAJASTHAN,Total,Total,68548437,35550997,32997440,61075251,31161077,29914174,6466435,3747078,2719357,1006751,642842,363909
8,RAJASTHAN,Total,Illiterate,30273155,11862585,18410570,29270505,11476461,17794044,970493,370912,599581,32157,15212,16945
8,RAJASTHAN,Total,Literate,38275282,23688412,14586870,31804746,19684616,12120130,5495942,3376166,2119776,974594,627630,346964
8,RAJASTHAN,Total,Literate but below primary,8083827,4423518,3660309,7237463,3948054,3289409,814591,457114,357477,31773,18350,13423
8,RAJASTHAN,Total,Primary but below middle,10524424,6143552,4380872,9214051,5375114,3838937,1207347,707584,499763,103026,60854,42172
8,RAJASTHAN,Total,Middle but below matric/secondary,7319223,4788350,2530873,6220334,4103736,2116598,916152,569672,346480,182737,114942,67795
8,RAJASTHAN,Total,Matric/Secondary but below graduate,7298204,5056123,2242081,5573443,3926500,1646943,1345396,878127,467269,379365,251496,127869
8,RAJASTHAN,Total,Graduate and above,3063282,2086247,977035,1854977,1316923,538054,964519,609880,354639,243786,159444,84342
8,RAJASTHAN,Urban,Total,17048085,8909250,8138835,13821925,7113140,6708785,2828916,1567886,1261030,397244,228224,169020
8,RAJASTHAN,Urban,Illiterate,5244589,2125427,3119162,4947035,2013093,2933942,287179,107894,179285,10375,4440,5935
8,RAJASTHAN,Urban,Literate,11803496,6783823,5019673,8874890,5100047,3774843,2541737,1459992,1081745,386869,223784,163085
8,RAJASTHAN,Urban,Literate but below primary,1733006,916726,816280,1496841,791458,705383,223809,118590,105219,12356,6678,5678
8,RAJASTHAN,Urban,Primary but below middle,2467587,1293721,1173866,2071929,1085267,986662,367436,193462,173974,28222,14992,13230
8,RAJASTHAN,Urban,Middle but below matric/secondary,2080749,1195659,885090,1696194,979814,716380,341150,191454,149696,43405,24391,19014
8,RAJASTHAN,Urban,Matric/Secondary but below graduate,3009623,1878758,1130865,2117217,1340952,776265,748940,451551,297389,143466,86255,57211
8,RAJASTHAN,Urban,Graduate and above,1932468,1181235,751233,1032573,652929,379644,754177,444780,309397,145718,83526,62192
9,UTTAR PRADESH,Rural,Total,155317278,80992995,74324283,144399381,74351827,70047554,9650049,5827004,3823045,1267848,814164,453684
9,UTTAR PRADESH,Rural,Illiterate,70032598,29199307,40833291,68578972,28591708,39987264,1414628,590512,824116,38998,17087,21911
9,UTTAR PRADESH,Rural,Literate,85284680,51793688,33490992,75820409,45760119,30060290,8235421,5236492,2998929,1228850,797077,431773
9,UTTAR PRADESH,Rural,Literate but below primary,17578607,9646918,7931689,16570331,9104231,7466100,951601,512677,438924,56675,30010,26665
9,UTTAR PRADESH,Rural,Primary but below middle,22391245,12594860,9796385,20637565,11622337,9015228,1585250,881423,703827,168430,91100,77330
9,UTTAR PRADESH,Rural,Middle but below matric/secondary,18300002,11539043,6760959,16599691,10454958,6144733,1447938,925320,522618,252373,158765,93608
9,UTTAR PRADESH,Rural,Matric/Secondary but below graduate,18176802,12118271,6058531,14993188,9977098,5016090,2701944,1820869,881075,481670,320304,161366
9,UTTAR PRADESH,Rural,Graduate and above,4654942,3344339,1310603,3231557,2300396,931161,1195425,875073,320352,227960,168870,59090
9,UTTAR PRADESH,Total,Total,199812341,104480510,95331831,176938732,91170601,85768131,20287945,11762916,8525029,2585664,1546993,1038671
9,UTTAR PRADESH,Total,Illiterate,85414786,36245546,49169240,82513117,34975270,47537847,2811647,1230985,1580662,90022,39291,50731
9,UTTAR PRADESH,Total,Literate,114397555,68234964,46162591,94425615,56195331,38230284,17476298,10531931,6944367,2495642,1507702,987940
9,UTTAR PRADESH,Total,Literate but below primary,21424480,11763367,9661113,19617885,10785607,8832278,1696146,918845,777301,110449,58915,51534
9,UTTAR PRADESH,Total,Primary but below middle,27798792,15505178,12293614,24697422,13789116,10908306,2813317,1560809,1252508,288053,155253,132800
9,UTTAR PRADESH,Total,Middle but below matric/secondary,23122728,14276668,8846060,20162451,12472590,7689861,2556741,1560017,996724,403536,244061,159475
9,UTTAR PRADESH,Total,Matric/Secondary but below graduate,26270147,16809553,9460594,19813348,12786520,7026828,5516493,3446322,2070171,940306,576711,363595
9,UTTAR PRADESH,Total,Graduate and above,9919838,6378138,3541700,5155155,3392915,1762240,4105266,2571047,1534219,659417,414176,245241
9,UTTAR PRADESH,Urban,Total,44495063,23487515,21007548,32539351,16818774,15720577,10637896,5935912,4701984,1317816,732829,584987
9,UTTAR PRADESH,Urban,Illiterate,15382188,7046239,8335949,13934145,6383562,7550583,1397019,640473,756546,51024,22204,28820
9,UTTAR PRADESH,Urban,Literate,29112875,16441276,12671599,18605206,10435212,8169994,9240877,5295439,3945438,1266792,710625,556167
9,UTTAR PRADESH,Urban,Literate but below primary,3845873,2116449,1729424,3047554,1681376,1366178,744545,406168,338377,53774,28905,24869
9,UTTAR PRADESH,Urban,Primary but below middle,5407547,2910318,2497229,4059857,2166779,1893078,1228067,679386,548681,119623,64153,55470
9,UTTAR PRADESH,Urban,Middle but below matric/secondary,4822726,2737625,2085101,3562760,2017632,1545128,1108803,634697,474106,151163,85296,65867
9,UTTAR PRADESH,Urban,Matric/Secondary but below graduate,8093345,4691282,3402063,4820160,2809422,2010738,2814549,1625453,1189096,458636,256407,202229
9,UTTAR PRADESH,Urban,Graduate and above,5264896,3033799,2231097,1923598,1092519,831079,2909841,1695974,1213867,431457,245306,186151
10,BIHAR,Rural,Total,92341436,48073850,44267586,78411179,40207957,38203222,12667581,7080819,5586762,1262676,785074,477602
10,BIHAR,Rural,Illiterate,47529284,20832020,26697264,43198313,18933661,24264652,4175714,1824371,2351343,155257,73988,81269
10,BIHAR,Rural,Literate,44812152,27241830,17570322,35212866,21274296,13938570,8491867,5256448,3235419,1107419,711086,396333
10,BIHAR,Rural,Literate but below primary,12370917,6611758,5759159,9831826,5243653,4588173,2379573,1283729,1095844,159518,84376,75142
10,BIHAR,Rural,Primary but below middle,11717783,6878975,4838808,9194533,5352849,3841684,2301928,1399068,902860,221322,127058,94264
10,BIHAR,Rural,Middle but below matric/secondary,6873883,4333233,2540650,5504834,3448857,2055977,1209924,785630,424294,159125,98746,60379
10,BIHAR,Rural,Matric/Secondary but below graduate,9017630,6189519,2828111,7035928,4836778,2199150,1619105,1108733,510372,362597,244008,118589
10,BIHAR,Rural,Graduate and above,1851135,1488731,362404,1290784,1036232,254552,415267,334040,81227,145084,118459,26625
10,BIHAR,Total,Total,104099452,54278157,49821295,87337667,44834662,42503005,15079213,8415020,6664193,1682572,1028475,654097
10,BIHAR,Total,Illiterate,51594899,22670134,28924765,46842739,20584679,26258060,4572054,1999916,2572138,180106,85539,94567
10,BIHAR,Total,Literate,52504553,31608023,20896530,40494928,24249983,16244945,10507159,6415104,4092055,1502466,942936,559530
10,BIHAR,Total,Literate but below primary,13701980,7308358,6393622,10854088,5780036,5074052,2658391,1428855,1229536,189501,99467,90034
10,BIHAR,Total,Primary but below middle,13154969,7625383,5529586,10264171,5906760,4357411,2622897,1567803,1055094,267901,150820,117081
10,BIHAR,Total,Middle but below matric/secondary,7969599,4930890,3038709,6305966,3886363,2419603,1459343,921815,537528,204290,122712,81578
10,BIHAR,Total,Matric/Secondary but below graduate,11234040,7458931,3775109,8508303,5688284,2820019,2222916,1448437,774479,502821,322210,180611
10,BIHAR,Total,Graduate and above,3061676,2326092,735584,1923734,1479662,444072,875943,646581,229362,261999,199849,62150
10,BIHAR,Urban,Total,11758016,6204307,5553709,8926488,4626705,4299783,2411632,1334201,1077431,419896,243401,176495
10,BIHAR,Urban,Illiterate,4065615,1838114,2227501,3644426,1651018,1993408,396340,175545,220795,24849,11551,13298
10,BIHAR,Urban,Literate,7692401,4366193,3326208,5282062,2975687,2306375,2015292,1158656,856636,395047,231850,163197
10,BIHAR,Urban,Literate but below primary,1331063,696600,634463,1022262,536383,485879,278818,145126,133692,29983,15091,14892
10,BIHAR,Urban,Primary but below middle,1437186,746408,690778,1069638,553911,515727,320969,168735,152234,46579,23762,22817
10,BIHAR,Urban,Middle but below matric/secondary,1095716,597657,498059,801132,437506,363626,249419,136185,113234,45165,23966,21199
10,BIHAR,Urban,Matric/Secondary but below graduate,2216410,1269412,946998,1472375,851506,620869,603811,339704,264107,140224,78202,62022
10,BIHAR,Urban,Graduate and above,1210541,837361,373180,632950,443430,189520,460676,312541,148135,116915,81390,35525
11,SIKKIM,Rural,Total,456999,242797,214202,182769,90735,92034,156054,86517,69537,118176,65545,52631
11,SIKKIM,Rural,Illiterate,135069,58552,76517,99577,43606,55971,31068,12726,18342,4424,2220,2204
11,SIKKIM,Rural,Literate,321930,184245,137685,83192,47129,36063,124986,73791,51195,113752,63325,50427
11,SIKKIM,Rural,Literate but below primary,96333,56198,40135,41658,23348,18310,41585,25028,16557,13090,7822,5268
11,SIKKIM,Rural,Primary but below middle,90078,48838,41240,21392,10982,10410,40801,22747,18054,27885,15109,12776
11,SIKKIM,Rural,Middle but below matric/secondary,48951,26434,22517,6413,3458,2955,18330,10362,7968,24208,12614,11594
11,SIKKIM,Rural,Matric/Secondary but below graduate,56283,34313,21970,7569,5627,1942,15141,9916,5225,33573,18770,14803
11,SIKKIM,Rural,Graduate and above,14545,8888,5657,828,555,273,2700,1751,949,11017,6582,4435
11,SIKKIM,Total,Total,610577,323070,287507,221578,109730,111848,207597,113913,93684,181402,99427,81975
11,SIKKIM,Total,Illiterate,165625,71801,93824,120558,53042,67516,38627,15607,23020,6440,3152,3288
11,SIKKIM,Total,Literate,444952,251269,193683,101020,56688,44332,168970,98306,70664,174962,96275,78687
11,SIKKIM,Total,Literate but below primary,116100,66658,49442,47241,26173,21068,51211,30184,21027,17648,10301,7347
11,SIKKIM,Total,Primary but below middle,115601,62664,52937,25990,13337,12653,53271,29575,23696,36340,19752,16588
11,SIKKIM,Total,Middle but below matric/secondary,69545,37520,32025,8810,4728,4082,26379,14762,11617,34356,18030,16326
11,SIKKIM,Total,Matric/Secondary but below graduate,91178,53420,37758,11032,7790,3242,24393,15388,9005,55753,30242,25511
11,SIKKIM,Total,Graduate and above,32669,19290,13379,1680,1045,635,5725,3575,2150,25264,14670,10594
11,SIKKIM,Urban,Total,153578,80273,73305,38809,18995,19814,51543,27396,24147,63226,33882,29344
11,SIKKIM,Urban,Illiterate,30556,13249,17307,20981,9436,11545,7559,2881,4678,2016,932,1084
11,SIKKIM,Urban,Literate,123022,67024,55998,17828,9559,8269,43984,24515,19469,61210,32950,28260
11,SIKKIM,Urban,Literate but below primary,19767,10460,9307,5583,2825,2758,9626,5156,4470,4558,2479,2079
11,SIKKIM,Urban,Primary but below middle,25523,13826,11697,4598,2355,2243,12470,6828,5642,8455,4643,3812
11,SIKKIM,Urban,Middle but below matric/secondary,20594,11086,9508,2397,1270,1127,8049,4400,3649,10148,5416,4732
11,SIKKIM,Urban,Matric/Secondary but below graduate,34895,19107,15788,3463,2163,1300,9252,5472,3780,22180,11472,10708
11,SIKKIM,Urban,Graduate and above,18124,10402,7722,852,490,362,3025,1824,1201,14247,8088,6159
12,ARUNACHAL PRADESH,Rural,Total,1066358,546011,520347,407694,189104,218590,366150,188857,177293,292514,168050,124464
12,ARUNACHAL PRADESH,Rural,Illiterate,530456,236621,293835,340525,150770,189755,148706,65435,83271,41225,20416,20809
12,ARUNACHAL PRADESH,Rural,Literate,535902,309390,226512,67169,38334,28835,217444,123422,94022,251289,147634,103655
12,ARUNACHAL PRADESH,Rural,Literate but below primary,130062,70679,59383,23102,12235,10867,67055,36135,30920,39905,22309,17596
12,ARUNACHAL PRADESH,Rural,Primary but below middle,144994,79508,65486,16221,8834,7387,65006,35179,29827,63767,35495,28272
12,ARUNACHAL PRADESH,Rural,Middle but below matric/secondary,103066,58908,44158,9498,5507,3991,38436,21828,16608,55132,31573,23559
12,ARUNACHAL PRADESH,Rural,Matric/Secondary but below graduate,112460,70555,41905,11284,7619,3665,34092,21995,12097,67084,40941,26143
12,ARUNACHAL PRADESH,Rural,Graduate and above,27668,19476,8192,1971,1440,531,5748,4070,1678,19949,13966,5983
12,ARUNACHAL PRADESH,Total,Total,1383727,713912,669815,497782,235499,262283,467394,241747,225647,418551,236666,181885
12,ARUNACHAL PRADESH,Total,Illiterate,617722,274044,343678,393873,175204,218669,172558,74486,98072,51291,24354,26937
12,ARUNACHAL PRADESH,Total,Literate,766005,439868,326137,103909,60295,43614,294836,167261,127575,367260,212312,154948
12,ARUNACHAL PRADESH,Total,Literate but below primary,164976,88788,76188,30392,16164,14228,83654,44557,39097,50930,28067,22863
12,ARUNACHAL PRADESH,Total,Primary but below middle,189369,102518,86851,23738,12886,10852,82570,44141,38429,83061,45491,37570
12,ARUNACHAL PRADESH,Total,Middle but below matric/secondary,145848,82535,63313,15599,9053,6546,52773,29822,22951,77476,43660,33816
12,ARUNACHAL PRADESH,Total,Matric/Secondary but below graduate,188681,115956,72725,22964,15571,7393,55724,35805,19919,109993,64580,45413
12,ARUNACHAL PRADESH,Total,Graduate and above,53606,36430,17176,4500,3013,1487,10756,7381,3375,38350,26036,12314
12,ARUNACHAL PRADESH,Urban,Total,317369,167901,149468,90088,46395,43693,101244,52890,48354,126037,68616,57421
12,ARUNACHAL PRADESH,Urban,Illiterate,87266,37423,49843,53348,24434,28914,23852,9051,14801,10066,3938,6128
12,ARUNACHAL PRADESH,Urban,Literate,230103,130478,99625,36740,21961,14779,77392,43839,33553,115971,64678,51293
12,ARUNACHAL PRADESH,Urban,Literate but below primary,34914,18109,16805,7290,3929,3361,16599,8422,8177,11025,5758,5267
12,ARUNACHAL PRADESH,Urban,Primary but below middle,44375,23010,21365,7517,4052,3465,17564,8962,8602,19294,9996,9298
12,ARUNACHAL PRADESH,Urban,Middle but below matric/secondary,42782,23627,19155,6101,3546,2555,14337,7994,6343,22344,12087,10257
12,ARUNACHAL PRADESH,Urban,Matric/Secondary but below graduate,76221,45401,30820,11680,7952,3728,21632,13810,7822,42909,23639,19270
12,ARUNACHAL PRADESH,Urban,Graduate and above,25938,16954,8984,2529,1573,956,5008,3311,1697,18401,12070,6331
13,NAGALAND,Rural,Total,1407536,725472,682064,601992,288225,313767,499358,257829,241529,306186,179418,126768
13,NAGALAND,Rural,Illiterate,510873,241451,269422,398476,185486,212990,95016,45774,49242,17381,10191,7190
13,NAGALAND,Rural,Literate,896663,484021,412642,203516,102739,100777,404342,212055,192287,288805,169227,119578
13,NAGALAND,Rural,Literate but below primary,195040,101132,93908,78664,39100,39564,89162,46339,42823,27214,15693,11521
13,NAGALAND,Rural,Primary but below middle,245799,126574,119225,57583,27625,29958,129073,65222,63851,59143,33727,25416
13,NAGALAND,Rural,Middle but below matric/secondary,204421,111718,92703,31561,16181,15380,96844,50898,45946,76016,44639,31377
13,NAGALAND,Rural,Matric/Secondary but below graduate,155993,90728,65265,17270,10404,6866,54087,30543,23544,84636,49781,34855
13,NAGALAND,Rural,Graduate and above,39983,24521,15462,2453,1461,992,10158,6117,4041,27372,16943,10429
13,NAGALAND,Total,Total,1978502,1024649,953853,748779,362750,386029,692242,355306,336936,537481,306593,230888
13,NAGALAND,Total,Illiterate,636068,300692,335376,488345,228843,259502,120964,56877,64087,26759,14972,11787
13,NAGALAND,Total,Literate,1342434,723957,618477,260434,133907,126527,571278,298429,272849,510722,291621,219101
13,NAGALAND,Total,Literate but below primary,258594,134218,124376,94395,47192,47203,118336,61162,57174,45863,25864,19999
13,NAGALAND,Total,Primary but below middle,330358,170554,159804,70909,34304,36605,166748,83926,82822,92701,52324,40377
13,NAGALAND,Total,Middle but below matric/secondary,304611,164734,139877,41915,21712,20203,136498,70875,65623,126198,72147,54051
13,NAGALAND,Total,Matric/Secondary but below graduate,281452,160007,121445,28469,17637,10832,93894,52188,41706,159089,90182,68907
13,NAGALAND,Total,Graduate and above,89718,53023,36695,4495,2682,1813,22151,12808,9343,63072,37533,25539
13,NAGALAND,Urban,Total,570966,299177,271789,146787,74525,72262,192884,97477,95407,231295,127175,104120
13,NAGALAND,Urban,Illiterate,125195,59241,65954,89869,43357,46512,25948,11103,14845,9378,4781,4597
13,NAGALAND,Urban,Literate,445771,239936,205835,56918,31168,25750,166936,86374,80562,221917,122394,99523
13,NAGALAND,Urban,Literate but below primary,63554,33086,30468,15731,8092,7639,29174,14823,14351,18649,10171,8478
13,NAGALAND,Urban,Primary but below middle,84559,43980,40579,13326,6679,6647,37675,18704,18971,33558,18597,14961
13,NAGALAND,Urban,Middle but below matric/secondary,100190,53016,47174,10354,5531,4823,39654,19977,19677,50182,27508,22674
13,NAGALAND,Urban,Matric/Secondary but below graduate,125459,69279,56180,11199,7233,3966,39807,21645,18162,74453,40401,34052
13,NAGALAND,Urban,Graduate and above,49735,28502,21233,2042,1221,821,11993,6691,5302,35700,20590,15110
14,MANIPUR,Rural,Total,2021640,1026884,994756,1063762,499802,563960,581795,305155,276640,376083,221927,154156
14,MANIPUR,Rural,Illiterate,738781,316750,422031,597615,254969,342646,113371,48138,65233,27795,13643,14152
14,MANIPUR,Rural,Literate,1282859,710134,572725,466147,244833,221314,468424,257017,211407,348288,208284,140004
14,MANIPUR,Rural,Literate but below primary,182156,92797,89359,111240,56503,54737,53892,27208,26684,17024,9086,7938
14,MANIPUR,Rural,Primary but below middle,250145,127663,122482,111342,55328,56014,97088,49697,47391,41715,22638,19077
14,MANIPUR,Rural,Middle but below matric/secondary,321923,180386,141537,118384,63193,55191,127642,71785,55857,75897,45408,30489
14,MANIPUR,Rural,Matric/Secondary but below graduate,358154,205962,152192,83154,46880,36274,137754,77606,60148,137246,81476,55770
14,MANIPUR,Rural,Graduate and above,103602,66363,37239,11288,6912,4376,30928,18970,11958,61386,40481,20905
14,MANIPUR,Total,Total,2855794,1438586,1417208,1467174,678299,788875,771802,404042,367760,616818,356245,260573
14,MANIPUR,Total,Illiterate,947318,398728,548590,789482,330252,459230,124491,52457,72034,33345,16019,17326
14,MANIPUR,Total,Literate,1908476,1039858,868618,677692,348047,329645,647311,351585,295726,583473,340226,243247
14,MANIPUR,Total,Literate but below primary,243566,123662,119904,152599,77292,75307,67961,34239,33722,23006,12131,10875
14,MANIPUR,Total,Primary but below middle,326953,164889,162064,152335,74730,77605,119256,60689,58567,55362,29470,25892
14,MANIPUR,Total,Middle but below matric/secondary,457032,251129,205903,175929,91330,84599,171286,95581,75705,109817,64218,45599
14,MANIPUR,Total,Matric/Secondary but below graduate,563369,315644,247725,132466,71304,61162,204064,112946,91118,226839,131394,95445
14,MANIPUR,Total,Graduate and above,225620,135082,90538,22277,12281,9996,57449,33148,24301,145894,89653,56241
14,MANIPUR,Urban,Total,834154,411702,422452,403412,178497,224915,190007,98887,91120,240735,134318,106417
14,MANIPUR,Urban,Illiterate,208537,81978,126559,191867,75283,116584,11120,4319,6801,5550,2376,3174
14,MANIPUR,Urban,Literate,625617,329724,295893,211545,103214,108331,178887,94568,84319,235185,131942,103243
14,MANIPUR,Urban,Literate but below primary,61410,30865,30545,41359,20789,20570,14069,7031,7038,5982,3045,2937
14,MANIPUR,Urban,Primary but below middle,76808,37226,39582,40993,19402,21591,22168,10992,11176,13647,6832,6815
14,MANIPUR,Urban,Middle but below matric/secondary,135109,70743,64366,57545,28137,29408,43644,23796,19848,33920,18810,15110
14,MANIPUR,Urban,Matric/Secondary but below graduate,205215,109682,95533,49312,24424,24888,66310,35340,30970,89593,49918,39675
14,MANIPUR,Urban,Graduate and above,122018,68719,53299,10989,5369,5620,26521,14178,12343,84508,49172,35336
15,MIZORAM,Rural,Total,525435,269135,256300,402226,197391,204835,105092,59030,46062,18117,12714,5403
15,MIZORAM,Rural,Illiterate,162101,73735,88366,147391,66660,80731,13416,6226,7190,1294,849,445
15,MIZORAM,Rural,Literate,363334,195400,167934,254835,130731,124104,91676,52804,38872,16823,11865,4958
15,MIZORAM,Rural,Literate but below primary,124917,63665,61252,95568,47101,48467,26700,14676,12024,2649,1888,761
15,MIZORAM,Rural,Primary but below middle,107206,58312,48894,81304,43151,38153,22422,12861,9561,3480,2300,1180
15,MIZORAM,Rural,Middle but below matric/secondary,75244,40653,34591,53207,27442,25765,18559,10734,7825,3478,2477,1001
15,MIZORAM,Rural,Matric/Secondary but below graduate,39259,22761,16498,17666,9467,8199,16764,9838,6926,4829,3456,1373
15,MIZORAM,Rural,Graduate and above,8889,6149,2740,1413,915,498,5451,3746,1705,2025,1488,537
15,MIZORAM,Total,Total,1097206,555339,541867,787503,381175,406328,256737,139450,117287,52966,34714,18252
15,MIZORAM,Total,Illiterate,249031,116810,132221,230774,108008,122766,16508,7711,8797,1749,1091,658
15,MIZORAM,Total,Literate,848175,438529,409646,556729,273167,283562,240229,131739,108490,51217,33623,17594
15,MIZORAM,Total,Literate but below primary,215865,105262,110603,172444,80975,91469,38959,21283,17676,4462,3004,1458
15,MIZORAM,Total,Primary but below middle,207450,108434,99016,161899,81967,79932,39079,22177,16902,6472,4290,2182
15,MIZORAM,Total,Middle but below matric/secondary,201482,104978,96504,144576,71775,72801,48199,27248,20951,8707,5955,2752
15,MIZORAM,Total,Matric/Secondary but below graduate,159276,83510,75766,61829,30625,31204,78955,41153,37802,18492,11732,6760
15,MIZORAM,Total,Graduate and above,49621,29527,20094,5532,3216,2316,31725,18159,13566,12364,8152,4212
15,MIZORAM,Urban,Total,571771,286204,285567,385277,183784,201493,151645,80420,71225,34849,22000,12849
15,MIZORAM,Urban,Illiterate,86930,43075,43855,83383,41348,42035,3092,1485,1607,455,242,213
15,MIZORAM,Urban,Literate,484841,243129,241712,301894,142436,159458,148553,78935,69618,34394,21758,12636
15,MIZORAM,Urban,Literate but below primary,90948,41597,49351,76876,33874,43002,12259,6607,5652,1813,1116,697
15,MIZORAM,Urban,Primary but below middle,100244,50122,50122,80595,38816,41779,16657,9316,7341,2992,1990,1002
15,MIZORAM,Urban,Middle but below matric/secondary,126238,64325,61913,91369,44333,47036,29640,16514,13126,5229,3478,1751
15,MIZORAM,Urban,Matric/Secondary but below graduate,120017,60749,59268,44163,21158,23005,62191,31315,30876,13663,8276,5387
15,MIZORAM,Urban,Graduate and above,40732,23378,17354,4119,2301,1818,26274,14413,11861,10339,6664,3675
16,TRIPURA,Rural,Total,2712464,1387173,1325291,1713723,833099,880624,887268,478980,408288,111473,75094,36379
16,TRIPURA,Rural,Illiterate,719691,305670,414021,569286,248026,321260,144431,54629,89802,5974,3015,2959
16,TRIPURA,Rural,Literate,1992773,1081503,911270,1144437,585073,559364,742837,424351,318486,105499,72079,33420
16,TRIPURA,Rural,Literate but below primary,579471,294874,284597,371767,184641,187126,196623,103373,93250,11081,6860,4221
16,TRIPURA,Rural,Primary but below middle,534359,283731,250628,323730,163274,160456,193960,109856,84104,16669,10601,6068
16,TRIPURA,Rural,Middle but below matric/secondary,413619,228022,185597,228105,116887,111218,159731,93531,66200,25783,17604,8179
16,TRIPURA,Rural,Matric/Secondary but below graduate,289197,180152,109045,131361,76851,54510,122163,77985,44178,35673,25316,10357
16,TRIPURA,Rural,Graduate and above,48053,34869,13184,16965,12038,4927,19325,14004,5321,11763,8827,2936
16,TRIPURA,Total,Total,3673917,1874376,1799541,2405316,1160877,1244439,1070024,584356,485668,198577,129143,69434
16,TRIPURA,Total,Illiterate,869134,373007,496127,711531,312073,399458,150839,57429,93410,6764,3505,3259
16,TRIPURA,Total,Literate,2804783,1501369,1303414,1693785,848804,844981,919185,526927,392258,191813,125638,66175
16,TRIPURA,Total,Literate but below primary,725461,363853,361608,501133,244786,256347,211062,110986,100076,13266,8081,5185
16,TRIPURA,Total,Primary but below middle,698656,363404,335252,461393,228248,233145,216138,122182,93956,21125,12974,8151
16,TRIPURA,Total,Middle but below matric/secondary,592396,320040,272356,359031,180614,178417,198193,116292,81901,35172,23134,12038
16,TRIPURA,Total,Matric/Secondary but below graduate,480515,285987,194528,229153,126243,102910,183795,114533,69262,67567,45211,22356
16,TRIPURA,Total,Graduate and above,137812,88621,49191,40708,24928,15780,50505,32537,17968,46599,31156,15443
16,TRIPURA,Urban,Total,961453,487203,474250,691593,327778,363815,182756,105376,77380,87104,54049,33055
16,TRIPURA,Urban,Illiterate,149443,67337,82106,142245,64047,78198,6408,2800,3608,790,490,300
16,TRIPURA,Urban,Literate,812010,419866,392144,549348,263731,285617,176348,102576,73772,86314,53559,32755
16,TRIPURA,Urban,Literate but below primary,145990,68979,77011,129366,60145,69221,14439,7613,6826,2185,1221,964
16,TRIPURA,Urban,Primary but below middle,164297,79673,84624,137663,64974,72689,22178,12326,9852,4456,2373,2083
16,TRIPURA,Urban,Middle but below matric/secondary,178777,92018,86759,130926,63727,67199,38462,22761,15701,9389,5530,3859
16,TRIPURA,Urban,Matric/Secondary but below graduate,191318,105835,85483,97792,49392,48400,61632,36548,25084,31894,19895,11999
16,TRIPURA,Urban,Graduate and above,89759,53752,36007,23743,12890,10853,31180,18533,12647,34836,22329,12507
17,MEGHALAYA,Rural,Total,2371439,1194260,1177179,1897741,931254,966487,350395,184976,165419,123303,78030,45273
17,MEGHALAYA,Rural,Illiterate,1056285,518624,537661,979974,478068,501906,60486,31408,29078,15825,9148,6677
17,MEGHALAYA,Rural,Literate,1315154,675636,639518,917767,453186,464581,289909,153568,136341,107478,68882,38596
17,MEGHALAYA,Rural,Literate but below primary,527346,271443,255903,446451,224814,221637,67114,37590,29524,13781,9039,4742
17,MEGHALAYA,Rural,Primary but below middle,327955,162619,165336,239598,113999,125599,68850,36404,32446,19507,12216,7291
17,MEGHALAYA,Rural,Middle but below matric/secondary,200963,101714,99249,114835,54734,60101,61615,31502,30113,24513,15478,9035
17,MEGHALAYA,Rural,Matric/Secondary but below graduate,160821,87548,73273,59073,30345,28728,65860,34075,31785,35888,23128,12760
17,MEGHALAYA,Rural,Graduate and above,27487,14884,12603,5191,2618,2573,13640,6742,6898,8656,5524,3132
17,MEGHALAYA,Total,Total,2966889,1491832,1475057,2144569,1050752,1093817,547389,280331,267058,274931,160749,114182
17,MEGHALAYA,Total,Illiterate,1181884,577953,603931,1086478,529032,557446,74585,37143,37442,20821,11778,9043
17,MEGHALAYA,Total,Literate,1785005,913879,871126,1058091,521720,536371,472804,243188,229616,254110,148971,105139
17,MEGHALAYA,Total,Literate but below primary,609064,311818,297246,496457,249159,247298,90013,48941,41072,22594,13718,8876
17,MEGHALAYA,Total,Primary but below middle,412929,203761,209168,276397,131045,145352,100433,51746,48687,36099,20970,15129
17,MEGHALAYA,Total,Middle but below matric/secondary,297897,151272,146625,139991,66887,73104,103309,52320,50989,54597,32065,22532
17,MEGHALAYA,Total,Matric/Secondary but below graduate,290310,156544,133766,78022,40919,37103,123112,62631,60481,89176,52994,36182
17,MEGHALAYA,Total,Graduate and above,90519,46311,44208,9588,4814,4774,38448,18009,20439,42483,23488,18995
17,MEGHALAYA,Urban,Total,595450,297572,297878,246828,119498,127330,196994,95355,101639,151628,82719,68909
17,MEGHALAYA,Urban,Illiterate,125599,59329,66270,106504,50964,55540,14099,5735,8364,4996,2630,2366
17,MEGHALAYA,Urban,Literate,469851,238243,231608,140324,68534,71790,182895,89620,93275,146632,80089,66543
17,MEGHALAYA,Urban,Literate but below primary,81718,40375,41343,50006,24345,25661,22899,11351,11548,8813,4679,4134
17,MEGHALAYA,Urban,Primary but below middle,84974,41142,43832,36799,17046,19753,31583,15342,16241,16592,8754,7838
17,MEGHALAYA,Urban,Middle but below matric/secondary,96934,49558,47376,25156,12153,13003,41694,20818,20876,30084,16587,13497
17,MEGHALAYA,Urban,Matric/Secondary but below graduate,129489,68996,60493,18949,10574,8375,57252,28556,28696,53288,29866,23422
17,MEGHALAYA,Urban,Graduate and above,63032,31427,31605,4397,2196,2201,24808,11267,13541,33827,17964,15863
18,ASSAM,Rural,Total,26807034,13678989,13128045,15025176,7172503,7852673,8812485,4670814,4141671,2969373,1835672,1133701
18,ASSAM,Rural,Illiterate,11121598,4972796,6148802,7807375,3442662,4364713,2980376,1347846,1632530,333847,182288,151559
18,ASSAM,Rural,Literate,15685436,8706193,6979243,7217801,3729841,3487960,5832109,3322968,2509141,2635526,1653384,982142
18,ASSAM,Rural,Literate but below primary,4059010,2219933,1839077,2260619,1179984,1080635,1586075,897904,688171,212316,142045,70271
18,ASSAM,Rural,Primary but below middle,3787871,2066648,1721223,1816325,944356,871969,1526415,848054,678361,445131,274238,170893
18,ASSAM,Rural,Middle but below matric/secondary,3572051,1885166,1686885,1619716,793138,826578,1294768,709277,585491,657567,382751,274816
18,ASSAM,Rural,Matric/Secondary but below graduate,2941276,1736400,1204876,1022260,548264,473996,999806,607224,392582,919210,580912,338298
18,ASSAM,Rural,Graduate and above,507240,340774,166466,94947,58420,36527,134212,89449,44763,278081,192905,85176
18,ASSAM,Total,Total,31205576,15939443,15266133,16744985,7960039,8784946,10108094,5343117,4764977,4352497,2636287,1716210
18,ASSAM,Total,Illiterate,12027599,5370804,6656795,8492495,3747677,4744818,3148475,1416081,1732394,386629,207046,179583
18,ASSAM,Total,Literate,19177977,10568639,8609338,8252490,4212362,4040128,6959619,3927036,3032583,3965868,2429241,1536627
18,ASSAM,Total,Literate but below primary,4550439,2469904,2080535,2516887,1301949,1214938,1750678,984852,765826,282874,183103,99771
18,ASSAM,Total,Primary but below middle,4383390,2378849,2004541,2051154,1056687,994467,1746020,965127,780893,586216,357035,229181
18,ASSAM,Total,Middle but below matric/secondary,4285011,2248173,2036838,1844894,893302,951592,1554505,844636,709869,885612,510235,375377
18,ASSAM,Total,Matric/Secondary but below graduate,3993107,2304914,1688193,1242014,649882,592132,1340449,791718,548731,1410644,863314,547330
18,ASSAM,Total,Graduate and above,1011345,639241,372104,145928,84048,61880,233679,146850,86829,631738,408343,223395
18,ASSAM,Urban,Total,4398542,2260454,2138088,1719809,787536,932273,1295609,672303,623306,1383124,800615,582509
18,ASSAM,Urban,Illiterate,906001,398008,507993,685120,305015,380105,168099,68235,99864,52782,24758,28024
18,ASSAM,Urban,Literate,3492541,1862446,1630095,1034689,482521,552168,1127510,604068,523442,1330342,775857,554485
18,ASSAM,Urban,Literate but below primary,491429,249971,241458,256268,121965,134303,164603,86948,77655,70558,41058,29500
18,ASSAM,Urban,Primary but below middle,595519,312201,283318,234829,112331,122498,219605,117073,102532,141085,82797,58288
18,ASSAM,Urban,Middle but below matric/secondary,712960,363007,349953,225178,100164,125014,259737,135359,124378,228045,127484,100561
18,ASSAM,Urban,Matric/Secondary but below graduate,1051831,568514,483317,219754,101618,118136,340643,184494,156149,491434,282402,209032
18,ASSAM,Urban,Graduate and above,504105,298467,205638,50981,25628,25353,99467,57401,42066,353657,215438,138219
19,WEST BENGAL,Rural,Total,62183113,31844945,30338168,55214526,27746724,27467802,6304512,3650345,2654167,664075,447876,216199
19,WEST BENGAL,Rural,Illiterate,22969334,9996748,12972586,21254113,9266228,11987885,1653431,698417,955014,61790,32103,29687
19,WEST BENGAL,Rural,Literate,39213779,21848197,17365582,33960413,18480496,15479917,4651081,2951928,1699153,602285,415773,186512
19,WEST BENGAL,Rural,Literate but below primary,11970137,6421511,5548626,10933177,5802577,5130600,990339,588533,401806,46621,30401,16220
19,WEST BENGAL,Rural,Primary but below middle,10626781,5687905,4938876,9598862,5063182,4535680,963870,583934,379936,64049,40789,23260
19,WEST BENGAL,Rural,Middle but below matric/secondary,8167485,4449851,3717634,7083415,3772205,3311210,978317,610077,368240,105753,67569,38184
19,WEST BENGAL,Rural,Matric/Secondary but below graduate,5704125,3516531,2187594,4342588,2609789,1732799,1141827,754663,387164,219710,152079,67631
19,WEST BENGAL,Rural,Graduate and above,1402776,1042854,359922,822825,607045,215780,429604,322076,107528,150347,113733,36614
19,WEST BENGAL,Total,Total,91276115,46809027,44467088,76250267,38026689,38223578,12144843,6992983,5151860,2881005,1789355,1091650
19,WEST BENGAL,Total,Illiterate,29737834,12990217,16747617,27384423,11967087,15417336,2230385,959839,1270546,123026,63291,59735
19,WEST BENGAL,Total,Literate,61538281,33818810,27719471,48865844,26059602,22806242,9914458,6033144,3881314,2757979,1726064,1031915
19,WEST BENGAL,Total,Literate but below primary,15902612,8437465,7465147,14277074,7484172,6792902,1515333,887106,628227,110205,66187,44018
19,WEST BENGAL,Total,Primary but below middle,14954591,7897027,7057564,13082910,6793073,6289837,1690398,997715,692683,181283,106239,75044
19,WEST BENGAL,Total,Middle but below matric/secondary,12474301,6684464,5789837,10303540,5371616,4931924,1871550,1134412,737138,299211,178436,120775
19,WEST BENGAL,Total,Matric/Secondary but below graduate,11189459,6540090,4649369,7467375,4233993,3233382,2807774,1731929,1075845,914310,574168,340142
19,WEST BENGAL,Total,Graduate and above,4827817,3088673,1739144,1936432,1243200,693232,1710070,1089962,620108,1181315,755511,425804
19,WEST BENGAL,Urban,Total,29093002,14964082,14128920,21035741,10279965,10755776,5840331,3342638,2497693,2216930,1341479,875451
19,WEST BENGAL,Urban,Illiterate,6768500,2993469,3775031,6130310,2700859,3429451,576954,261422,315532,61236,31188,30048
19,WEST BENGAL,Urban,Literate,22324502,11970613,10353889,14905431,7579106,7326325,5263377,3081216,2182161,2155694,1310291,845403
19,WEST BENGAL,Urban,Literate but below primary,3932475,2015954,1916521,3343897,1681595,1662302,524994,298573,226421,63584,35786,27798
19,WEST BENGAL,Urban,Primary but below middle,4327810,2209122,2118688,3484048,1729891,1754157,726528,413781,312747,117234,65450,51784
19,WEST BENGAL,Urban,Middle but below matric/secondary,4306816,2234613,2072203,3220125,1599411,1620714,893233,524335,368898,193458,110867,82591
19,WEST BENGAL,Urban,Matric/Secondary but below graduate,5485334,3023559,2461775,3124787,1624204,1500583,1665947,977266,688681,694600,422089,272511
19,WEST BENGAL,Urban,Graduate and above,3425041,2045819,1379222,1113607,636155,477452,1280466,767886,512580,1030968,641778,389190
20,JHARKHAND,Rural,Total,25055073,12776486,12278587,18066722,8938070,9128652,6056149,3251399,2804750,932202,587017,345185
20,JHARKHAND,Rural,Illiterate,12411995,5093755,7318240,10282942,4238313,6044629,1958283,773443,1184840,170770,81999,88771
20,JHARKHAND,Rural,Literate,12643078,7682731,4960347,7783780,4699757,3084023,4097866,2477956,1619910,761432,505018,256414
20,JHARKHAND,Rural,Literate but below primary,3446217,1851175,1595042,2263613,1207303,1056310,1086675,588689,497986,95929,55183,40746
20,JHARKHAND,Rural,Primary but below middle,3759149,2219230,1539919,2326705,1364538,962167,1253563,744319,509244,178881,110373,68508
20,JHARKHAND,Rural,Middle but below matric/secondary,2202517,1409430,793087,1297722,832855,464867,747355,473653,273702,157440,102922,54518
20,JHARKHAND,Rural,Matric/Secondary but below graduate,2204801,1514555,690246,1281498,889701,391797,693041,462789,230252,230262,162065,68197
20,JHARKHAND,Rural,Graduate and above,414891,321799,93092,222758,177661,45097,125439,92208,33231,66694,51930,14764
20,JHARKHAND,Total,Total,32988134,16930315,16057819,22987414,11456101,11531313,8407681,4508254,3899427,1593039,965960,627079
20,JHARKHAND,Total,Illiterate,14660065,6047796,8612269,12129614,5037027,7092587,2325095,914385,1410710,205356,96384,108972
20,JHARKHAND,Total,Literate,18328069,10882519,7445550,10857800,6419074,4438726,6082586,3593869,2488717,1387683,869576,518107
20,JHARKHAND,Total,Literate but below primary,4293415,2292684,2000731,2805909,1489004,1316905,1357203,730423,626780,130303,73257,57046
20,JHARKHAND,Total,Primary but below middle,4808604,2752242,2056362,2960116,1681922,1278194,1608466,927970,680496,240022,142350,97672
20,JHARKHAND,Total,Middle but below matric/secondary,3091107,1895039,1196068,1812623,1114361,698262,1050374,638997,411377,228110,141681,86429
20,JHARKHAND,Total,Matric/Secondary but below graduate,4021045,2579486,1441559,2214166,1443309,770857,1331361,830374,500987,475518,305803,169715
20,JHARKHAND,Total,Graduate and above,1328477,906174,422303,572531,410672,161859,489094,320477,168617,266852,175025,91827
20,JHARKHAND,Urban,Total,7933061,4153829,3779232,4920692,2518031,2402661,2351532,1256855,1094677,660837,378943,281894
20,JHARKHAND,Urban,Illiterate,2248070,954041,1294029,1846672,798714,1047958,366812,140942,225870,34586,14385,20201
20,JHARKHAND,Urban,Literate,5684991,3199788,2485203,3074020,1719317,1354703,1984720,1115913,868807,626251,364558,261693
20,JHARKHAND,Urban,Literate but below primary,847198,441509,405689,542296,281701,260595,270528,141734,128794,34374,18074,16300
20,JHARKHAND,Urban,Primary but below middle,1049455,533012,516443,633411,317384,316027,354903,183651,171252,61141,31977,29164
20,JHARKHAND,Urban,Middle but below matric/secondary,888590,485609,402981,514901,281506,233395,303019,165344,137675,70670,38759,31911
20,JHARKHAND,Urban,Matric/Secondary but below graduate,1816244,1064931,751313,932668,553608,379060,638320,367585,270735,245256,143738,101518
20,JHARKHAND,Urban,Graduate and above,913586,584375,329211,349773,233011,116762,363655,228269,135386,200158,123095,77063
21,ODISHA,Rural,Total,34970562,17586203,17384359,24939169,11845758,13093411,6670328,3637510,3032818,3361065,2102935,1258130
21,ODISHA,Rural,Illiterate,13592647,5431651,8160996,11645013,4629257,7015756,1759506,709167,1050339,188128,93227,94901
21,ODISHA,Rural,Literate,21377915,12154552,9223363,13294156,7216501,6077655,4910822,2928343,1982479,3172937,2009708,1163229
21,ODISHA,Rural,Literate but below primary,5154817,2761589,2393228,4204106,2222851,1981255,852754,479691,373063,97957,59047,38910
21,ODISHA,Rural,Primary but below middle,6574302,3588993,2985309,4765906,2539670,2226236,1435583,830749,604834,372813,218574,154239
21,ODISHA,Rural,Middle but below matric/secondary,4411216,2554590,1856626,2423492,1361835,1061657,1212222,729680,482542,775502,463075,312427
21,ODISHA,Rural,Matric/Secondary but below graduate,3608295,2230560,1377735,1213710,714757,498953,1050474,656028,394446,1344111,859775,484336
21,ODISHA,Rural,Graduate and above,899969,626900,273069,177253,116512,60741,212248,146203,66045,510468,364185,146283
21,ODISHA,Total,Total,41974218,21212136,20762082,28149194,13346538,14802656,8299746,4506387,3793359,5525278,3359211,2166067
21,ODISHA,Total,Illiterate,15231623,6122455,9109168,13010299,5207392,7802907,1977667,795477,1182190,243657,119586,124071
21,ODISHA,Total,Literate,26742595,15089681,11652914,15138895,8139146,6999749,6322079,3710910,2611169,5281621,3239625,2041996
21,ODISHA,Total,Literate but below primary,5886571,3126770,2759801,4698064,2462105,2235959,1022171,568561,453610,166336,96104,70232
21,ODISHA,Total,Primary but below middle,7714716,4157327,3557389,5393856,2839470,2554386,1771508,1007430,764078,549352,310427,238925
21,ODISHA,Total,Middle but below matric/secondary,5285243,3035765,2249478,2748904,1534632,1214272,1500571,893457,607114,1035768,607676,428092
21,ODISHA,Total,Matric/Secondary but below graduate,5178562,3122104,2056458,1478262,856401,621861,1483066,902170,580896,2217234,1363533,853701
21,ODISHA,Total,Graduate and above,1783797,1174184,609613,236071,151089,84982,357299,232572,124727,1190427,790523,399904
21,ODISHA,Urban,Total,7003656,3625933,3377723,3210025,1500780,1709245,1629418,868877,760541,2164213,1256276,907937
21,ODISHA,Urban,Illiterate,1638976,690804,948172,1365286,578135,787151,218161,86310,131851,55529,26359,29170
21,ODISHA,Urban,Literate,5364680,2935129,2429551,1844739,922645,922094,1411257,782567,628690,2108684,1229917,878767
21,ODISHA,Urban,Literate but below primary,731754,365181,366573,493958,239254,254704,169417,88870,80547,68379,37057,31322
21,ODISHA,Urban,Primary but below middle,1140414,568334,572080,627950,299800,328150,335925,176681,159244,176539,91853,84686
21,ODISHA,Urban,Middle but below matric/secondary,874027,481175,392852,325412,172797,152615,288349,163777,124572,260266,144601,115665
21,ODISHA,Urban,Matric/Secondary but below graduate,1570267,891544,678723,264552,141644,122908,432592,246142,186450,873123,503758,369365
21,ODISHA,Urban,Graduate and above,883828,547284,336544,58818,34577,24241,145051,86369,58682,679959,426338,253621
22,CHHATTISGARH,Rural,Total,19607961,9797426,9810535,17513150,8657472,8855678,1897368,1020433,876935,197443,119521,77922
22,CHHATTISGARH,Rural,Illiterate,8599005,3394414,5204591,7945969,3112666,4833303,600064,255179,344885,52972,26569,26403
22,CHHATTISGARH,Rural,Literate,11008956,6403012,4605944,9567181,5544806,4022375,1297304,765254,532050,144471,92952,51519
22,CHHATTISGARH,Rural,Literate but below primary,2983774,1642972,1340802,2607617,1431230,1176387,354232,198518,155714,21925,13224,8701
22,CHHATTISGARH,Rural,Primary but below middle,3271118,1790520,1480598,2839857,1542524,1297333,396382,226279,170103,34879,21717,13162
22,CHHATTISGARH,Rural,Middle but below matric/secondary,2443110,1421517,1021593,2129650,1233073,896577,280608,167657,112951,32852,20787,12065
22,CHHATTISGARH,Rural,Matric/Secondary but below graduate,1652897,1114762,538135,1433910,971200,462710,183759,119881,63878,35228,23681,11547
22,CHHATTISGARH,Rural,Graduate and above,336785,256863,79922,280556,217437,63119,41376,28947,12429,14853,10479,4374
22,CHHATTISGARH,Total,Total,25545198,12832895,12712303,22160975,11012274,11148701,2961654,1575471,1386183,422569,245150,177419
22,CHHATTISGARH,Total,Illiterate,10165276,4025002,6140274,9380994,3694797,5686197,724914,300700,424214,59368,29505,29863
22,CHHATTISGARH,Total,Literate,15379922,8807893,6572029,12779981,7317477,5462504,2236740,1274771,961969,363201,215645,147556
22,CHHATTISGARH,Total,Literate but below primary,3687369,2011523,1675846,3191815,1737237,1454578,465468,256787,208681,30086,17499,12587
22,CHHATTISGARH,Total,Primary but below middle,4192144,2267581,1924563,3588809,1931721,1657088,553711,306527,247184,49624,29333,20291
22,CHHATTISGARH,Total,Middle but below matric/secondary,3202404,1825488,1376916,2732835,1554251,1178584,418615,240722,177893,50954,30515,20439
22,CHHATTISGARH,Total,Matric/Secondary but below graduate,2856326,1815791,1040535,2262701,1461701,801000,480901,285779,195122,112724,68311,44413
22,CHHATTISGARH,Total,Graduate and above,1018853,659081,359772,650519,443448,207071,257123,150875,106248,111211,64758,46453
22,CHHATTISGARH,Urban,Total,5937237,3035469,2901768,4647825,2354802,2293023,1064286,555038,509248,225126,125629,99497
22,CHHATTISGARH,Urban,Illiterate,1566271,630588,935683,1435025,582131,852894,124850,45521,79329,6396,2936,3460
22,CHHATTISGARH,Urban,Literate,4370966,2404881,1966085,3212800,1772671,1440129,939436,509517,429919,218730,122693,96037
22,CHHATTISGARH,Urban,Literate but below primary,703595,368551,335044,584198,306007,278191,111236,58269,52967,8161,4275,3886
22,CHHATTISGARH,Urban,Primary but below middle,921026,477061,443965,748952,389197,359755,157329,80248,77081,14745,7616,7129
22,CHHATTISGARH,Urban,Middle but below matric/secondary,759294,403971,355323,603185,321178,282007,138007,73065,64942,18102,9728,8374
22,CHHATTISGARH,Urban,Matric/Secondary but below graduate,1203429,701029,502400,828791,490501,338290,297142,165898,131244,77496,44630,32866
22,CHHATTISGARH,Urban,Graduate and above,682068,402218,279850,369963,226011,143952,215747,121928,93819,96358,54279,42079
23,MADHYA PRADESH,Rural,Total,52557404,27149388,25408016,47228049,24155117,23072932,4766617,2627374,2139243,562738,366897,195841
23,MADHYA PRADESH,Rural,Illiterate,24275418,10094406,14181012,22632182,9376695,13255487,1607900,700279,907621,35336,17432,17904
23,MADHYA PRADESH,Rural,Literate,28281986,17054982,11227004,24595867,14778422,9817445,3158717,1927095,1231622,527402,349465,177937
23,MADHYA PRADESH,Rural,Literate but below primary,7479650,4119981,3359669,6625834,3642788,2983046,833832,465608,368224,19984,11585,8399
23,MADHYA PRADESH,Rural,Primary but below middle,8840409,5042491,3797918,7911536,4509956,3401580,847955,487037,360918,80918,45498,35420
23,MADHYA PRADESH,Rural,Middle but below matric/secondary,5854741,3683782,2170959,5130699,3237502,1893197,574053,353005,221048,149989,93275,56714
23,MADHYA PRADESH,Rural,Matric/Secondary but below graduate,3866093,2740477,1125616,3092203,2207798,884405,583885,399053,184832,190005,133626,56379
23,MADHYA PRADESH,Rural,Graduate and above,835601,640936,194665,557640,431479,126161,204107,152486,51621,73854,56971,16883
23,MADHYA PRADESH,Total,Total,72626809,37612306,35014503,62818127,32137607,30680520,8550729,4716569,3834160,1257953,758130,499823
23,MADHYA PRADESH,Total,Illiterate,29775640,12437978,17337662,27816150,11588496,16227654,1909228,824453,1084775,50262,25029,25233
23,MADHYA PRADESH,Total,Literate,42851169,25174328,17676841,35001977,20549111,14452866,6641501,3892116,2749385,1207691,733101,474590
23,MADHYA PRADESH,Total,Literate but below primary,9582214,5242949,4339265,8430116,4606002,3824114,1112583,615169,497414,39515,21778,17737
23,MADHYA PRADESH,Total,Primary but below middle,11878241,6640472,5237769,10449147,5844431,4604716,1301928,726799,575129,127166,69242,57924
23,MADHYA PRADESH,Total,Middle but below matric/secondary,8431000,5094579,3336421,7204296,4380899,2823397,1008222,584222,424000,218482,129458,89024
23,MADHYA PRADESH,Total,Matric/Secondary but below graduate,7744058,5009908,2734150,5617095,3700839,1916256,1694992,1036991,658001,431971,272078,159893
23,MADHYA PRADESH,Total,Graduate and above,3222802,2051127,1171675,1553063,1022433,530630,1309094,805947,503147,360645,222747,137898
23,MADHYA PRADESH,Urban,Total,20069405,10462918,9606487,15590078,7982490,7607588,3784112,2089195,1694917,695215,391233,303982
23,MADHYA PRADESH,Urban,Illiterate,5500222,2343572,3156650,5183968,2211801,2972167,301328,124174,177154,14926,7597,7329
23,MADHYA PRADESH,Urban,Literate,14569183,8119346,6449837,10406110,5770689,4635421,3482784,1965021,1517763,680289,383636,296653
23,MADHYA PRADESH,Urban,Literate but below primary,2102564,1122968,979596,1804282,963214,841068,278751,149561,129190,19531,10193,9338
23,MADHYA PRADESH,Urban,Primary but below middle,3037832,1597981,1439851,2537611,1334475,1203136,453973,239762,214211,46248,23744,22504
23,MADHYA PRADESH,Urban,Middle but below matric/secondary,2576259,1410797,1165462,2073597,1143397,930200,434169,231217,202952,68493,36183,32310
23,MADHYA PRADESH,Urban,Matric/Secondary but below graduate,3877965,2269431,1608534,2524892,1493041,1031851,1111107,637938,473169,241966,138452,103514
23,MADHYA PRADESH,Urban,Graduate and above,2387201,1410191,977010,995423,590954,404469,1104987,653461,451526,286791,165776,121015
24,GUJARAT,Rural,Total,34694609,17799159,16895450,23246269,10826569,12419700,8417052,5003643,3413409,3031288,1968947,1062341
24,GUJARAT,Rural,Illiterate,13273767,5331516,7942251,12608275,5040908,7567367,600584,255090,345494,64908,35518,29390
24,GUJARAT,Rural,Literate,21420842,12467643,8953199,10637994,5785661,4852333,7816468,4748553,3067915,2966380,1933429,1032951
24,GUJARAT,Rural,Literate but below primary,5538772,2959945,2578827,4810474,2545193,2265281,664042,376221,287821,64256,38531,25725
24,GUJARAT,Rural,Primary but below middle,6296439,3391739,2904700,3333888,1764294,1569594,2541270,1393355,1147915,421281,234090,187191
24,GUJARAT,Rural,Middle but below matric/secondary,3370371,2165852,1204519,984001,616441,367560,1845779,1198555,647224,540591,350856,189735
24,GUJARAT,Rural,Matric/Secondary but below graduate,4188596,2767138,1421458,691186,444722,246464,2107262,1386594,720668,1390148,935822,454326
24,GUJARAT,Rural,Graduate and above,670430,452150,218280,51359,33548,17811,212782,135717,77065,406289,282885,123404
24,GUJARAT,Total,Total,60439692,31491260,28948432,34547351,16431518,18115833,17321770,9878480,7443290,8570571,5181262,3389309
24,GUJARAT,Total,Illiterate,19346334,8016387,11329947,17855345,7377440,10477905,1295968,538152,757816,195021,100795,94226
24,GUJARAT,Total,Literate,41093358,23474873,17618485,16692006,9054078,7637928,16025802,9340328,6685474,8375550,5080467,3295083
24,GUJARAT,Total,Literate but below primary,8462829,4486708,3976121,6685545,3509919,3175626,1529946,837941,692005,247338,138848,108490
24,GUJARAT,Total,Primary but below middle,10557001,5568559,4988442,5137522,2671059,2466463,4544953,2425133,2119820,874526,472367,402159
24,GUJARAT,Total,Middle but below matric/secondary,6453935,4031450,2422485,1854016,1149778,704238,3497776,2196231,1301545,1102143,685441,416702
24,GUJARAT,Total,Matric/Secondary but below graduate,9984720,6193323,3791397,1608349,1006247,602102,4784889,2948310,1836579,3591482,2238766,1352716
24,GUJARAT,Total,Graduate and above,3174158,1891932,1282226,198756,117897,80859,790533,448261,342272,2184869,1325774,859095
24,GUJARAT,Urban,Total,25745083,13692101,12052982,11301082,5604949,5696133,8904718,4874837,4029881,5539283,3212315,2326968
24,GUJARAT,Urban,Illiterate,6072567,2684871,3387696,5247070,2336532,2910538,695384,283062,412322,130113,65277,64836
24,GUJARAT,Urban,Literate,19672516,11007230,8665286,6054012,3268417,2785595,8209334,4591775,3617559,5409170,3147038,2262132
24,GUJARAT,Urban,Literate but below primary,2924057,1526763,1397294,1875071,964726,910345,865904,461720,404184,183082,100317,82765
24,GUJARAT,Urban,Primary but below middle,4260562,2176820,2083742,1803634,906765,896869,2003683,1031778,971905,453245,238277,214968
24,GUJARAT,Urban,Middle but below matric/secondary,3083564,1865598,1217966,870015,533337,336678,1651997,997676,654321,561552,334585,226967
24,GUJARAT,Urban,Matric/Secondary but below graduate,5796124,3426185,2369939,917163,561525,355638,2677627,1561716,1115911,2201334,1302944,898390
24,GUJARAT,Urban,Graduate and above,2503728,1439782,1063946,147397,84349,63048,577751,312544,265207,1778580,1042889,735691
25,DAMAN & DIU,Rural,Total,60396,32395,28001,31597,15607,15990,20990,11797,9193,7809,4991,2818
25,DAMAN & DIU,Rural,Illiterate,17307,6866,10441,16154,6455,9699,1066,362,704,87,49,38
25,DAMAN & DIU,Rural,Literate,43089,25529,17560,15443,9152,6291,19924,11435,8489,7722,4942,2780
25,DAMAN & DIU,Rural,Literate but below primary,7966,4407,3559,5602,3083,2519,2137,1196,941,227,128,99
25,DAMAN & DIU,Rural,Primary but below middle,11437,6564,4873,5071,2938,2133,5587,3172,2415,779,454,325
25,DAMAN & DIU,Rural,Middle but below matric/secondary,8118,4812,3306,2221,1430,791,4717,2631,2086,1180,751,429
25,DAMAN & DIU,Rural,Matric/Secondary but below graduate,12485,7745,4740,1828,1283,545,6387,3764,2623,4270,2698,1572
25,DAMAN & DIU,Rural,Graduate and above,1669,1223,446,137,113,24,481,330,151,1051,780,271
25,DAMAN & DIU,Total,Total,243247,150301,92946,126618,79041,47577,82027,49404,32623,34602,21856,12746
25,DAMAN & DIU,Total,Illiterate,54841,25658,29183,49131,23159,25972,5070,2211,2859,640,288,352
25,DAMAN & DIU,Total,Literate,188406,124643,63763,77487,55882,21605,76957,47193,29764,33962,21568,12394
25,DAMAN & DIU,Total,Literate but below primary,26623,15332,11291,16702,9687,7015,8374,4787,3587,1547,858,689
25,DAMAN & DIU,Total,Primary but below middle,41447,26048,15399,21139,14387,6752,17136,9882,7254,3172,1779,1393
25,DAMAN & DIU,Total,Middle but below matric/secondary,35626,24792,10834,16104,12808,3296,15430,9466,5964,4092,2518,1574
25,DAMAN & DIU,Total,Matric/Secondary but below graduate,64988,45447,19541,18402,15237,3165,29492,18937,10555,17094,11273,5821
25,DAMAN & DIU,Total,Graduate and above,12802,8425,4377,1730,1345,385,4051,2595,1456,7021,4485,2536
25,DAMAN & DIU,Urban,Total,182851,117906,64945,95021,63434,31587,61037,37607,23430,26793,16865,9928
25,DAMAN & DIU,Urban,Illiterate,37534,18792,18742,32977,16704,16273,4004,1849,2155,553,239,314
25,DAMAN & DIU,Urban,Literate,145317,99114,46203,62044,46730,15314,57033,35758,21275,26240,16626,9614
25,DAMAN & DIU,Urban,Literate but below primary,18657,10925,7732,11100,6604,4496,6237,3591,2646,1320,730,590
25,DAMAN & DIU,Urban,Primary but below middle,30010,19484,10526,16068,11449,4619,11549,6710,4839,2393,1325,1068
25,DAMAN & DIU,Urban,Middle but below matric/secondary,27508,19980,7528,13883,11378,2505,10713,6835,3878,2912,1767,1145
25,DAMAN & DIU,Urban,Matric/Secondary but below graduate,52503,37702,14801,16574,13954,2620,23105,15173,7932,12824,8575,4249
25,DAMAN & DIU,Urban,Graduate and above,11133,7202,3931,1593,1232,361,3570,2265,1305,5970,3705,2265
26,DADRA & NAGAR HAVELI,Rural,Total,183114,98305,84809,72782,36996,35786,70674,36412,34262,39658,24897,14761
26,DADRA & NAGAR HAVELI,Rural,Illiterate,83972,34255,49717,50730,20987,29743,26852,9959,16893,6390,3309,3081
26,DADRA & NAGAR HAVELI,Rural,Literate,99142,64050,35092,22052,16009,6043,43822,26453,17369,33268,21588,11680
26,DADRA & NAGAR HAVELI,Rural,Literate but below primary,27374,15424,11950,6464,3670,2794,16367,8889,7478,4543,2865,1678
26,DADRA & NAGAR HAVELI,Rural,Primary but below middle,26687,16288,10399,4617,3173,1444,12019,7017,5002,10051,6098,3953
26,DADRA & NAGAR HAVELI,Rural,Middle but below matric/secondary,16968,11513,5455,3696,3073,623,5785,3699,2086,7487,4741,2746
26,DADRA & NAGAR HAVELI,Rural,Matric/Secondary but below graduate,18679,14200,4479,4692,4108,584,6189,4528,1661,7798,5564,2234
26,DADRA & NAGAR HAVELI,Rural,Graduate and above,3179,2242,937,473,390,83,972,678,294,1734,1174,560
26,DADRA & NAGAR HAVELI,Total,Total,343709,193760,149949,144726,80549,64177,127467,68955,58512,71516,44256,27260
26,DADRA & NAGAR HAVELI,Total,Illiterate,120479,51239,69240,80588,35483,45105,32447,12037,20410,7444,3719,3725
26,DADRA & NAGAR HAVELI,Total,Literate,223230,142521,80709,64138,45066,19072,95020,56918,38102,64072,40537,23535
26,DADRA & NAGAR HAVELI,Total,Literate but below primary,43709,24482,19227,13755,7802,5953,22965,12457,10508,6989,4223,2766
26,DADRA & NAGAR HAVELI,Total,Primary but below middle,48436,28803,19633,13006,8385,4621,21790,12287,9503,13640,8131,5509
26,DADRA & NAGAR HAVELI,Total,Middle but below matric/secondary,37385,24919,12466,11966,9183,2783,14521,8955,5566,10898,6781,4117
26,DADRA & NAGAR HAVELI,Total,Matric/Secondary but below graduate,60876,43072,17804,17717,14144,3573,23823,15803,8020,19336,13125,6211
26,DADRA & NAGAR HAVELI,Total,Graduate and above,19174,12227,6947,2709,2014,695,6507,4067,2440,9958,6146,3812
26,DADRA & NAGAR HAVELI,Urban,Total,160595,95455,65140,71944,43553,28391,56793,32543,24250,31858,19359,12499
26,DADRA & NAGAR HAVELI,Urban,Illiterate,36507,16984,19523,29858,14496,15362,5595,2078,3517,1054,410,644
26,DADRA & NAGAR HAVELI,Urban,Literate,124088,78471,45617,42086,29057,13029,51198,30465,20733,30804,18949,11855
26,DADRA & NAGAR HAVELI,Urban,Literate but below primary,16335,9058,7277,7291,4132,3159,6598,3568,3030,2446,1358,1088
26,DADRA & NAGAR HAVELI,Urban,Primary but below middle,21749,12515,9234,8389,5212,3177,9771,5270,4501,3589,2033,1556
26,DADRA & NAGAR HAVELI,Urban,Middle but below matric/secondary,20417,13406,7011,8270,6110,2160,8736,5256,3480,3411,2040,1371
26,DADRA & NAGAR HAVELI,Urban,Matric/Secondary but below graduate,42197,28872,13325,13025,10036,2989,17634,11275,6359,11538,7561,3977
26,DADRA & NAGAR HAVELI,Urban,Graduate and above,15995,9985,6010,2236,1624,612,5535,3389,2146,8224,4972,3252
27,MAHARASHTRA,Rural,Total,61556074,31539034,30017040,37177406,17358930,19818476,18305693,10388783,7916910,6072975,3791321,2281654
27,MAHARASHTRA,Rural,Illiterate,20073313,8147559,11925754,17242451,6987641,10254810,2481307,989687,1491620,349555,170231,179324
27,MAHARASHTRA,Rural,Literate,41482761,23391475,18091286,19934955,10371289,9563666,15824386,9399096,6425290,5723420,3621090,2102330
27,MAHARASHTRA,Rural,Literate but below primary,9911854,5299069,4612785,7194318,3740506,3453812,2408941,1375105,1033836,308595,183458,125137
27,MAHARASHTRA,Rural,Primary but below middle,9436900,4784289,4652611,5177645,2504893,2672752,3563583,1905160,1658423,695672,374236,321436
27,MAHARASHTRA,Rural,Middle but below matric/secondary,6828364,3917698,2910666,2754120,1500520,1253600,3255372,1936601,1318771,818872,480577,338295
27,MAHARASHTRA,Rural,Matric/Secondary but below graduate,10524811,6593303,3931508,2869068,1711583,1157485,5082259,3232118,1850141,2573484,1649602,923882
27,MAHARASHTRA,Rural,Graduate and above,2007858,1440447,567411,260736,185158,75578,660318,473505,186813,1086804,781784,305020
27,MAHARASHTRA,Total,Total,112374333,58243056,54131277,54954472,26208097,28746375,37695132,20579481,17115651,19724729,11455478,8269251
27,MAHARASHTRA,Total,Illiterate,30820043,12985472,17834571,25438540,10751759,14686781,4508043,1801653,2706390,873460,432060,441400
27,MAHARASHTRA,Total,Literate,81554290,45257584,36296706,29515932,15456338,14059594,33187089,18777828,14409261,18851269,11023418,7827851
27,MAHARASHTRA,Total,Literate but below primary,15335820,8069806,7266014,9769753,5032128,4737625,4650688,2532229,2118459,915379,505449,409930
27,MAHARASHTRA,Total,Primary but below middle,16628201,8346143,8282058,7525748,3661680,3864068,7233413,3708684,3524729,1869040,975779,893261
27,MAHARASHTRA,Total,Middle but below matric/secondary,12592729,7132530,5460199,4213902,2326457,1887445,6348898,3648849,2700049,2029929,1157224,872705
27,MAHARASHTRA,Total,Matric/Secondary but below graduate,23790264,14262044,9528220,4929959,2929844,2000115,11077702,6651245,4426457,7782603,4680955,3101648
27,MAHARASHTRA,Total,Graduate and above,8639081,5167671,3471410,717532,447955,269577,2323527,1402045,921482,5598022,3317671,2280351
27,MAHARASHTRA,Urban,Total,50818259,26704022,24114237,17777066,8849167,8927899,19389439,10190698,9198741,13651754,7664157,5987597
27,MAHARASHTRA,Urban,Illiterate,10746730,4837913,5908817,8196089,3764118,4431971,2026736,811966,1214770,523905,261829,262076
27,MAHARASHTRA,Urban,Literate,40071529,21866109,18205420,9580977,5085049,4495928,17362703,9378732,7983971,13127849,7402328,5725521
27,MAHARASHTRA,Urban,Literate but below primary,5423966,2770737,2653229,2575435,1291622,1283813,2241747,1157124,1084623,606784,321991,284793
27,MAHARASHTRA,Urban,Primary but below middle,7191301,3561854,3629447,2348103,1156787,1191316,3669830,1803524,1866306,1173368,601543,571825
27,MAHARASHTRA,Urban,Middle but below matric/secondary,5764365,3214832,2549533,1459782,825937,633845,3093526,1712248,1381278,1211057,676647,534410
27,MAHARASHTRA,Urban,Matric/Secondary but below graduate,13265453,7668741,5596712,2060891,1218261,842630,5995443,3419127,2576316,5209119,3031353,2177766
27,MAHARASHTRA,Urban,Graduate and above,6631223,3727224,2903999,456796,262797,193999,1663209,928540,734669,4511218,2535887,1975331
28,ANDHRA PRADESH,Rural,Total,56361702,28243241,28118461,45499270,22062959,23436311,8500920,4705043,3795877,2361512,1475239,886273
28,ANDHRA PRADESH,Rural,Illiterate,26010637,10847641,15162996,23291177,9721552,13569625,2569549,1053970,1515579,149911,72119,77792
28,ANDHRA PRADESH,Rural,Literate,30351065,17395600,12955465,22208093,12341407,9866686,5931371,3651073,2280298,2211601,1403120,808481
28,ANDHRA PRADESH,Rural,Literate but below primary,5284438,2791703,2492735,4528240,2370671,2157569,699416,387381,312035,56782,33651,23131
28,ANDHRA PRADESH,Rural,Primary but below middle,9157499,4848653,4308846,7585174,3959238,3625936,1327501,752854,574647,244824,136561,108263
28,ANDHRA PRADESH,Rural,Middle but below matric/secondary,3671765,2052920,1618845,2732896,1514666,1218230,668383,387503,280880,270486,150751,119735
28,ANDHRA PRADESH,Rural,Matric/Secondary but below graduate,8283695,5151939,3131756,5089509,3118784,1970725,2135776,1365921,769855,1058410,667234,391176
28,ANDHRA PRADESH,Rural,Graduate and above,1921725,1382454,539271,696493,501066,195427,744329,532901,211428,480903,348487,132416
28,ANDHRA PRADESH,Total,Total,84580777,42442146,42138631,62997443,30248154,32749289,15238958,8357610,6881348,6344376,3836382,2507994
28,ANDHRA PRADESH,Total,Illiterate,34024017,14190903,19833114,30249412,12626595,17622817,3479672,1425892,2053780,294933,138416,156517
28,ANDHRA PRADESH,Total,Literate,50556760,28251243,22305517,32748031,17621559,15126472,11759286,6931718,4827568,6049443,3697966,2351477
28,ANDHRA PRADESH,Total,Literate but below primary,7437519,3884076,3553443,6131835,3170649,2961186,1146751,625135,521616,158933,88292,70641
28,ANDHRA PRADESH,Total,Primary but below middle,13449300,6904114,6545186,10577443,5340511,5236932,2340173,1277877,1062296,531684,285726,245958
28,ANDHRA PRADESH,Total,Middle but below matric/secondary,5572154,3006742,2565412,3893591,2082514,1811077,1166018,648606,517412,512545,275622,236923
28,ANDHRA PRADESH,Total,Matric/Secondary but below graduate,15028263,8885040,6143223,8218563,4769384,3449179,4316646,2609656,1706990,2493054,1506000,987054
28,ANDHRA PRADESH,Total,Graduate and above,5577387,3632622,1944765,1440425,932237,508188,2069240,1337660,731580,2067722,1362725,704997
28,ANDHRA PRADESH,Urban,Total,28219075,14198905,14020170,17498173,8185195,9312978,6738038,3652567,3085471,3982864,2361143,1621721
28,ANDHRA PRADESH,Urban,Illiterate,8013380,3343262,4670118,6958235,2905043,4053192,910123,371922,538201,145022,66297,78725
28,ANDHRA PRADESH,Urban,Literate,20205695,10855643,9350052,10539938,5280152,5259786,5827915,3280645,2547270,3837842,2294846,1542996
28,ANDHRA PRADESH,Urban,Literate but below primary,2153081,1092373,1060708,1603595,799978,803617,447335,237754,209581,102151,54641,47510
28,ANDHRA PRADESH,Urban,Primary but below middle,4291801,2055461,2236340,2992269,1381273,1610996,1012672,525023,487649,286860,149165,137695
28,ANDHRA PRADESH,Urban,Middle but below matric/secondary,1900389,953822,946567,1160695,567848,592847,497635,261103,236532,242059,124871,117188
28,ANDHRA PRADESH,Urban,Matric/Secondary but below graduate,6744568,3733101,3011467,3129054,1650600,1478454,2180870,1243735,937135,1434644,838766,595878
28,ANDHRA PRADESH,Urban,Graduate and above,3655662,2250168,1405494,743932,431171,312761,1324911,804759,520152,1586819,1014238,572581
29,KARNATAKA,Rural,Total,37469335,18929354,18539981,26726883,13130957,13595926,8694265,4562138,4132127,2048187,1236259,811928
29,KARNATAKA,Rural,Illiterate,14820159,6035917,8784242,12129437,4976608,7152829,2479447,964780,1514667,211275,94529,116746
29,KARNATAKA,Rural,Literate,22649176,12893437,9755739,14597446,8154349,6443097,6214818,3597358,2617460,1836912,1141730,695182
29,KARNATAKA,Rural,Literate but below primary,4719828,2535393,2184435,3440649,1835628,1605021,1146836,622745,524091,132343,77020,55323
29,KARNATAKA,Rural,Primary but below middle,6052956,3241250,2811706,4063928,2157615,1906313,1665826,899682,766144,323202,183953,139249
29,KARNATAKA,Rural,Middle but below matric/secondary,3241101,1866652,1374449,2121094,1208560,912534,882008,515764,366244,237999,142328,95671
29,KARNATAKA,Rural,Matric/Secondary but below graduate,5979561,3632377,2347184,3450974,2063696,1387278,1772045,1089904,682141,756542,478777,277765
29,KARNATAKA,Rural,Graduate and above,982319,694998,287321,395536,285168,110368,321387,227005,94382,265396,182825,82571
29,KARNATAKA,Total,Total,61095297,30966657,30128640,36842703,17933772,18908931,16420465,8513790,7906675,7832129,4519095,3313034
29,KARNATAKA,Total,Illiterate,20447975,8458186,11989789,16272949,6798484,9474465,3654635,1425445,2229190,520391,234257,286134
29,KARNATAKA,Total,Literate,40647322,22508471,18138851,20569754,11135288,9434466,12765830,7088345,5677485,7311738,4284838,3026900
29,KARNATAKA,Total,Literate but below primary,6924069,3655942,3268127,4509236,2363839,2145397,1991632,1058209,933423,423201,233894,189307
29,KARNATAKA,Total,Primary but below middle,9493106,4944027,4549079,5468698,2813790,2654908,3077695,1608409,1469286,946713,521828,424885
29,KARNATAKA,Total,Middle but below matric/secondary,5161708,2869395,2292313,2851986,1575635,1276351,1630466,908191,722275,679256,385569,293687
29,KARNATAKA,Total,Matric/Secondary but below graduate,12381901,7129491,5252410,5437709,3084979,2352730,4037437,2322163,1715274,2906755,1722349,1184406
29,KARNATAKA,Total,Graduate and above,4043647,2489209,1554438,812291,521558,290733,1252532,769122,483410,1978824,1198529,780295
29,KARNATAKA,Urban,Total,23625962,12037303,11588659,10115820,4802815,5313005,7726200,3951652,3774548,5783942,3282836,2501106
29,KARNATAKA,Urban,Illiterate,5627816,2422269,3205547,4143512,1821876,2321636,1175188,460665,714523,309116,139728,169388
29,KARNATAKA,Urban,Literate,17998146,9615034,8383112,5972308,2980939,2991369,6551012,3490987,3060025,5474826,3143108,2331718
29,KARNATAKA,Urban,Literate but below primary,2204241,1120549,1083692,1068587,528211,540376,844796,435464,409332,290858,156874,133984
29,KARNATAKA,Urban,Primary but below middle,3440150,1702777,1737373,1404770,656175,748595,1411869,708727,703142,623511,337875,285636
29,KARNATAKA,Urban,Middle but below matric/secondary,1920607,1002743,917864,730892,367075,363817,748458,392427,356031,441257,243241,198016
29,KARNATAKA,Urban,Matric/Secondary but below graduate,6402340,3497114,2905226,1986735,1021283,965452,2265392,1232259,1033133,2150213,1243572,906641
29,KARNATAKA,Urban,Graduate and above,3061328,1794211,1267117,416755,236390,180365,931145,542117,389028,1713428,1015704,697724
30,GOA,Rural,Total,551731,275436,276295,138889,60030,78859,151061,73731,77330,261781,141675,120106
30,GOA,Rural,Illiterate,120460,48293,72167,93632,38345,55287,18971,6672,12299,7857,3276,4581
30,GOA,Rural,Literate,431271,227143,204128,45257,21685,23572,132090,67059,65031,253924,138399,115525
30,GOA,Rural,Literate but below primary,68444,34450,33994,14652,7236,7416,36323,18129,18194,17469,9085,8384
30,GOA,Rural,Primary but below middle,72753,37650,35103,7761,3984,3777,29003,14509,14494,35989,19157,16832
30,GOA,Rural,Middle but below matric/secondary,73201,40225,32976,4685,2762,1923,20026,10695,9331,48490,26768,21722
30,GOA,Rural,Matric/Secondary but below graduate,137838,77803,60035,5254,3134,2120,28459,15539,12920,104125,59130,44995
30,GOA,Rural,Graduate and above,34633,17361,17272,856,441,415,5620,2737,2883,28157,14183,13974
30,GOA,Total,Total,1458545,739140,719405,332393,151756,180637,384903,192062,192841,741249,395322,345927
30,GOA,Total,Illiterate,293058,123317,169741,218518,94079,124439,48265,18080,30185,26275,11158,15117
30,GOA,Total,Literate,1165487,615823,549664,113875,57677,56198,336638,173982,162656,714974,384164,330810
30,GOA,Total,Literate but below primary,161303,80497,80806,32435,15985,16450,78084,38315,39769,50784,26197,24587
30,GOA,Total,Primary but below middle,181495,94300,87195,21014,11193,9821,68560,34565,33995,91921,48542,43379
30,GOA,Total,Middle but below matric/secondary,166523,91716,74807,12936,7956,4980,46437,25063,21374,107150,58697,48453
30,GOA,Total,Matric/Secondary but below graduate,402429,226752,175677,18401,11381,7020,88725,50135,38590,295303,165236,130067
30,GOA,Total,Graduate and above,146828,74077,72751,3668,1807,1861,24916,12586,12330,118244,59684,58560
30,GOA,Urban,Total,906814,463704,443110,193504,91726,101778,233842,118331,115511,479468,253647,225821
30,GOA,Urban,Illiterate,172598,75024,97574,124886,55734,69152,29294,11408,17886,18418,7882,10536
30,GOA,Urban,Literate,734216,388680,345536,68618,35992,32626,204548,106923,97625,461050,245765,215285
30,GOA,Urban,Literate but below primary,92859,46047,46812,17783,8749,9034,41761,20186,21575,33315,17112,16203
30,GOA,Urban,Primary but below middle,108742,56650,52092,13253,7209,6044,39557,20056,19501,55932,29385,26547
30,GOA,Urban,Middle but below matric/secondary,93322,51491,41831,8251,5194,3057,26411,14368,12043,58660,31929,26731
30,GOA,Urban,Matric/Secondary but below graduate,264591,148949,115642,13147,8247,4900,60266,34596,25670,191178,106106,85072
30,GOA,Urban,Graduate and above,112195,56716,55479,2812,1366,1446,19296,9849,9447,90087,45501,44586
31,LAKSHADWEEP,Rural,Total,14141,7243,6898,10634,5155,5479,1500,875,625,2007,1213,794
31,LAKSHADWEEP,Rural,Illiterate,2853,1294,1559,2804,1270,1534,11,9,2,38,15,23
31,LAKSHADWEEP,Rural,Literate,11288,5949,5339,7830,3885,3945,1489,866,623,1969,1198,771
31,LAKSHADWEEP,Rural,Literate but below primary,2116,1095,1021,2061,1061,1000,40,22,18,15,12,3
31,LAKSHADWEEP,Rural,Primary but below middle,3055,1522,1533,2764,1350,1414,175,116,59,116,56,60
31,LAKSHADWEEP,Rural,Middle but below matric/secondary,2181,1035,1146,1373,635,738,358,188,170,450,212,238
31,LAKSHADWEEP,Rural,Matric/Secondary but below graduate,2778,1640,1138,960,522,438,756,438,318,1062,680,382
31,LAKSHADWEEP,Rural,Graduate and above,355,256,99,25,13,12,83,55,28,247,188,59
31,LAKSHADWEEP,Total,Total,64473,33123,31350,45920,21785,24135,8572,4903,3669,9981,6435,3546
31,LAKSHADWEEP,Total,Illiterate,11920,5100,6820,11683,4942,6741,150,103,47,87,55,32
31,LAKSHADWEEP,Total,Literate,52553,28023,24530,34237,16843,17394,8422,4800,3622,9894,6380,3514
31,LAKSHADWEEP,Total,Literate but below primary,9410,4523,4887,8583,4046,4537,603,303,300,224,174,50
31,LAKSHADWEEP,Total,Primary but below middle,12813,6500,6313,10471,5178,5293,1426,755,671,916,567,349
31,LAKSHADWEEP,Total,Middle but below matric/secondary,11305,5970,5335,7163,3541,3622,2120,1166,954,2022,1263,759
31,LAKSHADWEEP,Total,Matric/Secondary but below graduate,13918,8275,5643,5753,3184,2569,3291,1955,1336,4874,3136,1738
31,LAKSHADWEEP,Total,Graduate and above,2302,1458,844,239,127,112,514,297,217,1549,1034,515
31,LAKSHADWEEP,Urban,Total,50332,25880,24452,35286,16630,18656,7072,4028,3044,7974,5222,2752
31,LAKSHADWEEP,Urban,Illiterate,9067,3806,5261,8879,3672,5207,139,94,45,49,40,9
31,LAKSHADWEEP,Urban,Literate,41265,22074,19191,26407,12958,13449,6933,3934,2999,7925,5182,2743
31,LAKSHADWEEP,Urban,Literate but below primary,7294,3428,3866,6522,2985,3537,563,281,282,209,162,47
31,LAKSHADWEEP,Urban,Primary but below middle,9758,4978,4780,7707,3828,3879,1251,639,612,800,511,289
31,LAKSHADWEEP,Urban,Middle but below matric/secondary,9124,4935,4189,5790,2906,2884,1762,978,784,1572,1051,521
31,LAKSHADWEEP,Urban,Matric/Secondary but below graduate,11140,6635,4505,4793,2662,2131,2535,1517,1018,3812,2456,1356
31,LAKSHADWEEP,Urban,Graduate and above,1947,1202,745,214,114,100,431,242,189,1302,846,456
32,KERALA,Rural,Total,17471135,8408054,9063081,13657664,6394470,7263194,2453128,1270901,1182227,1360343,742683,617660
32,KERALA,Rural,Illiterate,2921815,1275624,1646191,2837030,1241202,1595828,72667,29024,43643,12118,5398,6720
32,KERALA,Rural,Literate,14549320,7132430,7416890,10820634,5153268,5667366,2380461,1241877,1138584,1348225,737285,610940
32,KERALA,Rural,Literate but below primary,2424369,1155194,1269175,2234940,1050318,1184622,148717,81281,67436,40712,23595,17117
32,KERALA,Rural,Primary but below middle,2726676,1369388,1357288,2426682,1194393,1232289,222157,128146,94011,77837,46849,30988
32,KERALA,Rural,Middle but below matric/secondary,2709892,1391467,1318425,2257514,1126507,1131007,311595,181217,130378,140783,83743,57040
32,KERALA,Rural,Matric/Secondary but below graduate,4951852,2428568,2523284,3081056,1432117,1648939,1179081,612388,566693,691715,384063,307652
32,KERALA,Rural,Graduate and above,1030491,462498,567993,274300,106770,167530,413408,185471,227937,342783,170257,172526
32,KERALA,Total,Total,33406061,16027412,17378649,25242674,11734292,13508382,4974574,2559063,2415511,3188813,1734057,1454756
32,KERALA,Total,Illiterate,5270237,2322509,2947728,5134025,2265747,2868278,113149,46302,66847,23063,10460,12603
32,KERALA,Total,Literate,28135824,13704903,14430921,20108649,9468545,10640104,4861425,2512761,2348664,3165750,1723597,1442153
32,KERALA,Total,Literate but below primary,4401497,2076920,2324577,4026014,1869526,2156488,287238,156148,131090,88245,51246,36999
32,KERALA,Total,Primary but below middle,5065710,2522296,2543414,4464967,2169892,2295075,434258,250922,183336,166485,101482,65003
32,KERALA,Total,Middle but below matric/secondary,5059809,2590783,2469026,4159516,2062765,2096751,604538,351021,253517,295755,176997,118758
32,KERALA,Total,Matric/Secondary but below graduate,9706516,4755722,4950794,5859445,2700441,3159004,2344459,1217269,1127190,1502612,838012,664600
32,KERALA,Total,Graduate and above,2531321,1131336,1399985,580280,218101,362179,971369,427784,543585,979672,485451,494221
32,KERALA,Urban,Total,15934926,7619358,8315568,11585010,5339822,6245188,2521446,1288162,1233284,1828470,991374,837096
32,KERALA,Urban,Illiterate,2348422,1046885,1301537,2296995,1024545,1272450,40482,17278,23204,10945,5062,5883
32,KERALA,Urban,Literate,13586504,6572473,7014031,9288015,4315277,4972738,2480964,1270884,1210080,1817525,986312,831213
32,KERALA,Urban,Literate but below primary,1977128,921726,1055402,1791074,819208,971866,138521,74867,63654,47533,27651,19882
32,KERALA,Urban,Primary but below middle,2339034,1152908,1186126,2038285,975499,1062786,212101,122776,89325,88648,54633,34015
32,KERALA,Urban,Middle but below matric/secondary,2349917,1199316,1150601,1902002,936258,965744,292943,169804,123139,154972,93254,61718
32,KERALA,Urban,Matric/Secondary but below graduate,4754664,2327154,2427510,2778389,1268324,1510065,1165378,604881,560497,810897,453949,356948
32,KERALA,Urban,Graduate and above,1500830,668838,831992,305980,111331,194649,557961,242313,315648,636889,315194,321695
33,TAMIL NADU,Rural,Total,37229590,18679065,18550525,29139173,14236206,14902967,7521748,4098341,3423407,568669,344518,224151
33,TAMIL NADU,Rural,Illiterate,12727395,5013226,7714169,11607968,4579799,7028169,1061796,407720,654076,57631,25707,31924
33,TAMIL NADU,Rural,Literate,24502195,13665839,10836356,17531205,9656407,7874798,6459952,3690621,2769331,511038,318811,192227
33,TAMIL NADU,Rural,Literate but below primary,3064611,1587693,1476918,2615437,1348531,1266906,423536,224532,199004,25638,14630,11008
33,TAMIL NADU,Rural,Primary but below middle,6728075,3681444,3046631,5576287,3042874,2533413,1083400,596815,486585,68388,41755,26633
33,TAMIL NADU,Rural,Middle but below matric/secondary,5020643,2754507,2266136,3802973,2080244,1722729,1145278,630474,514804,72392,43789,28603
33,TAMIL NADU,Rural,Matric/Secondary but below graduate,7172661,4177921,2994740,4178122,2420656,1757466,2763088,1610281,1152807,231451,146984,84467
33,TAMIL NADU,Rural,Graduate and above,1337768,828750,509018,445086,280094,164992,798777,489109,309668,93905,59547,34358
33,TAMIL NADU,Total,Total,72147030,36137975,36009055,51730760,25137054,26593706,17969107,9590729,8378378,2447163,1410192,1036971
33,TAMIL NADU,Total,Illiterate,20309523,8097484,12212039,18420313,7384859,11035454,1789247,668986,1120261,99963,43639,56324
33,TAMIL NADU,Total,Literate,51837507,28040491,23797016,33310447,17752195,15558252,16179860,8921743,7258117,2347200,1366553,980647
33,TAMIL NADU,Total,Literate but below primary,5629379,2861589,2767790,4587993,2321907,2266086,952587,492259,460328,88799,47423,41376
33,TAMIL NADU,Total,Primary but below middle,12325162,6479422,5845740,9824098,5154761,4669337,2301545,1213491,1088054,199519,111170,88349
33,TAMIL NADU,Total,Middle but below matric/secondary,9608004,5087592,4520412,7025144,3712167,3312977,2363041,1252921,1110120,219819,122504,97315
33,TAMIL NADU,Total,Matric/Secondary but below graduate,16331186,9206497,7124689,8732259,4885352,3846907,6660637,3761825,2898812,938290,559320,378970
33,TAMIL NADU,Total,Graduate and above,5457742,3119342,2338400,1361335,776706,584629,3278139,1864480,1413659,818268,478156,340112
33,TAMIL NADU,Urban,Total,34917440,17458910,17458530,22591587,10900848,11690739,10447359,5492388,4954971,1878494,1065674,812820
33,TAMIL NADU,Urban,Illiterate,7582128,3084258,4497870,6812345,2805060,4007285,727451,261266,466185,42332,17932,24400
33,TAMIL NADU,Urban,Literate,27335312,14374652,12960660,15779242,8095788,7683454,9719908,5231122,4488786,1836162,1047742,788420
33,TAMIL NADU,Urban,Literate but below primary,2564768,1273896,1290872,1972556,973376,999180,529051,267727,261324,63161,32793,30368
33,TAMIL NADU,Urban,Primary but below middle,5597087,2797978,2799109,4247811,2111887,2135924,1218145,616676,601469,131131,69415,61716
33,TAMIL NADU,Urban,Middle but below matric/secondary,4587361,2333085,2254276,3222171,1631923,1590248,1217763,622447,595316,147427,78715,68712
33,TAMIL NADU,Urban,Matric/Secondary but below graduate,9158525,5028576,4129949,4554137,2464696,2089441,3897549,2151544,1746005,706839,412336,294503
33,TAMIL NADU,Urban,Graduate and above,4119974,2290592,1829382,916249,496612,419637,2479362,1375371,1103991,724363,418609,305754
34,PUDUCHERRY,Rural,Total,395200,194907,200293,314219,149524,164695,75952,42238,33714,5029,3145,1884
34,PUDUCHERRY,Rural,Illiterate,114318,44417,69901,112570,43813,68757,1680,569,1111,68,35,33
34,PUDUCHERRY,Rural,Literate,280882,150490,130392,201649,105711,95938,74272,41669,32603,4961,3110,1851
34,PUDUCHERRY,Rural,Literate but below primary,29893,14818,15075,27345,13456,13889,2387,1268,1119,161,94,67
34,PUDUCHERRY,Rural,Primary but below middle,60763,30148,30615,53907,26686,27221,6374,3226,3148,482,236,246
34,PUDUCHERRY,Rural,Middle but below matric/secondary,58282,29986,28296,47956,24527,23429,9875,5190,4685,451,269,182
34,PUDUCHERRY,Rural,Matric/Secondary but below graduate,100581,57853,42728,60069,34406,25663,38396,22010,16386,2116,1437,679
34,PUDUCHERRY,Rural,Graduate and above,23444,13620,9824,6103,3542,2561,15706,9080,6626,1635,998,637
34,PUDUCHERRY,Total,Total,1247953,612511,635442,855661,398929,456732,320627,172773,147854,71665,40809,30856
34,PUDUCHERRY,Total,Illiterate,290644,115133,175511,283544,112385,171159,6400,2398,4002,700,350,350
34,PUDUCHERRY,Total,Literate,957309,497378,459931,572117,286544,285573,314227,170375,143852,70965,40459,30506
34,PUDUCHERRY,Total,Literate but below primary,93186,45162,48024,80228,38537,41691,11278,5727,5551,1680,898,782
34,PUDUCHERRY,Total,Primary but below middle,187723,89632,98091,157678,74588,83090,26251,13078,13173,3794,1966,1828
34,PUDUCHERRY,Total,Middle but below matric/secondary,171301,85255,86046,129826,64010,65816,36209,18319,17890,5266,2926,2340
34,PUDUCHERRY,Total,Matric/Secondary but below graduate,336296,185024,151272,164849,89554,75295,143185,79104,64081,28262,16366,11896
34,PUDUCHERRY,Total,Graduate and above,142029,79482,62547,21509,11636,9873,90387,50527,39860,30133,17319,12814
34,PUDUCHERRY,Urban,Total,852753,417604,435149,541442,249405,292037,244675,130535,114140,66636,37664,28972
34,PUDUCHERRY,Urban,Illiterate,176326,70716,105610,170974,68572,102402,4720,1829,2891,632,315,317
34,PUDUCHERRY,Urban,Literate,676427,346888,329539,370468,180833,189635,239955,128706,111249,66004,37349,28655
34,PUDUCHERRY,Urban,Literate but below primary,63293,30344,32949,52883,25081,27802,8891,4459,4432,1519,804,715
34,PUDUCHERRY,Urban,Primary but below middle,126960,59484,67476,103771,47902,55869,19877,9852,10025,3312,1730,1582
34,PUDUCHERRY,Urban,Middle but below matric/secondary,113019,55269,57750,81870,39483,42387,26334,13129,13205,4815,2657,2158
34,PUDUCHERRY,Urban,Matric/Secondary but below graduate,235715,127171,108544,104780,55148,49632,104789,57094,47695,26146,14929,11217
34,PUDUCHERRY,Urban,Graduate and above,118585,65862,52723,15406,8094,7312,74681,41447,33234,28498,16321,12177
35,ANDAMAN & NICOBAR ISLANDS,Rural,Total,237093,126287,110806,84493,41529,42964,114464,62515,51949,38136,22243,15893
35,ANDAMAN & NICOBAR ISLANDS,Rural,Illiterate,59068,26327,32741,43500,19394,24106,14908,6618,8290,660,315,345
35,ANDAMAN & NICOBAR ISLANDS,Rural,Literate,178025,99960,78065,40993,22135,18858,99556,55897,43659,37476,21928,15548
35,ANDAMAN & NICOBAR ISLANDS,Rural,Literate but below primary,29260,15759,13501,10637,5413,5224,16744,9327,7417,1879,1019,860
35,ANDAMAN & NICOBAR ISLANDS,Rural,Primary but below middle,46301,25673,20628,11429,6074,5355,29697,16668,13029,5175,2931,2244
35,ANDAMAN & NICOBAR ISLANDS,Rural,Middle but below matric/secondary,44616,25476,19140,9166,5151,4015,26712,15172,11540,8738,5153,3585
35,ANDAMAN & NICOBAR ISLANDS,Rural,Matric/Secondary but below graduate,44592,25514,19078,7293,4271,3022,21399,11988,9411,15900,9255,6645
35,ANDAMAN & NICOBAR ISLANDS,Rural,Graduate and above,8958,5335,3623,822,447,375,2890,1630,1260,5246,3258,1988
35,ANDAMAN & NICOBAR ISLANDS,Total,Total,380581,202871,177710,123156,60493,62663,184717,100532,84185,72708,41846,30862
35,ANDAMAN & NICOBAR ISLANDS,Total,Illiterate,86300,38494,47806,61768,27742,34026,23098,10083,13015,1434,669,765
35,ANDAMAN & NICOBAR ISLANDS,Total,Literate,294281,164377,129904,61388,32751,28637,161619,90449,71170,71274,41177,30097
35,ANDAMAN & NICOBAR ISLANDS,Total,Literate but below primary,42129,22513,19616,13873,7042,6831,24689,13535,11154,3567,1936,1631
35,ANDAMAN & NICOBAR ISLANDS,Total,Primary but below middle,68415,37920,30495,15978,8429,7549,43867,24655,19212,8570,4836,3734
35,ANDAMAN & NICOBAR ISLANDS,Total,Middle but below matric/secondary,68620,39337,29283,13680,7600,6080,40946,23422,17524,13994,8315,5679
35,ANDAMAN & NICOBAR ISLANDS,Total,Matric/Secondary but below graduate,84074,47467,36607,13170,7362,5808,40187,22468,17719,30717,17637,13080
35,ANDAMAN & NICOBAR ISLANDS,Total,Graduate and above,24159,13622,10537,2386,1242,1144,8438,4563,3875,13335,7817,5518
35,ANDAMAN & NICOBAR ISLANDS,Urban,Total,143488,76584,66904,38663,18964,19699,70253,38017,32236,34572,19603,14969
35,ANDAMAN & NICOBAR ISLANDS,Urban,Illiterate,27232,12167,15065,18268,8348,9920,8190,3465,4725,774,354,420
35,ANDAMAN & NICOBAR ISLANDS,Urban,Literate,116256,64417,51839,20395,10616,9779,62063,34552,27511,33798,19249,14549
35,ANDAMAN & NICOBAR ISLANDS,Urban,Literate but below primary,12869,6754,6115,3236,1629,1607,7945,4208,3737,1688,917,771
35,ANDAMAN & NICOBAR ISLANDS,Urban,Primary but below middle,22114,12247,9867,4549,2355,2194,14170,7987,6183,3395,1905,1490
35,ANDAMAN & NICOBAR ISLANDS,Urban,Middle but below matric/secondary,24004,13861,10143,4514,2449,2065,14234,8250,5984,5256,3162,2094
35,ANDAMAN & NICOBAR ISLANDS,Urban,Matric/Secondary but below graduate,39482,21953,17529,5877,3091,2786,18788,10480,8308,14817,8382,6435
35,ANDAMAN & NICOBAR ISLANDS,Urban,Graduate and above,15201,8287,6914,1564,795,769,5548,2933,2615,8089,4559,3530
