State-Code,Name,TRU,Age-Group,Tot-P,Tot-M,Tot-F,Persons-exactly-1,Males-exactly-1,Females-exactly-1,Persons-exactly-2,Males-exactly-2,Females-exactly-2,Persons-atleast-3,Males-atleast-3,Females-atleast-3
0,INDIA,Rural,5-9,93807612,48825259,44982353,84515361,44009879,40505482,8619753,4459004,4160749,672498,356376,316122
0,INDIA,Rural,10-14,96804494,50488158,46316336,75843895,39482164,36361731,17321726,9076421,8245305,3638873,1929573,1709300
0,INDIA,Rural,15-19,83902472,44570557,39331915,59354806,31228261,28126545,17987978,9726204,8261774,6559688,3616092,2943596
0,INDIA,Rural,20-24,73835046,38138662,35696384,51929482,25958518,25970964,15939543,8730193,7209350,5966021,3449951,2516070
0,INDIA,Rural,25-29,66068270,33375989,32692281,48015316,23114804,24900512,13483541,7492507,5991034,4569413,2768678,1800735
0,INDIA,Rural,30-49,202243722,102489258,99754464,156269980,74801758,81468222,35834430,20909339,14925091,10139312,6778161,3361151
0,INDIA,Rural,50-69,103100817,51465979,51634838,85276326,40270507,45005819,14608987,8782315,5826672,3215504,2413157,802347
0,INDIA,Rural,70+,28086307,13857399,14228908,24450318,11617010,12833308,3101453,1836276,1265177,534536,404113,130423
0,INDIA,Rural,Total,833748852,427781058,405967794,671107367,334793006,336314361,127257496,71216990,56040506,35383989,21771062,13612927
0,INDIA,Rural,Age not stated,2913452,1533420,1380032,2465223,1273728,1191495,360085,204731,155354,88144,54961,33183
0,INDIA,Total,5-9,126928126,66300466,60627660,111278934,58133623,53145311,13805084,7188692,6616392,1844108,978151,865957
0,INDIA,Total,10-14,132709212,69418835,63290377,98220720,51285412,46935308,27234157,14302292,12931865,7254335,3831131,3423204
0,INDIA,Total,15-19,120526449,63982396,56544053,78101850,41231488,36870362,29797882,15958142,13839740,12626717,6792766,5833951
0,INDIA,Total,20-24,111424222,57584693,53839529,70079816,35197999,34881817,28510072,15319080,13190992,12834334,7067614,5766720
0,INDIA,Total,25-29,101413965,51344208,50069757,65489920,31649175,33840745,25066874,13550988,11515886,10857171,6144045,4713126
0,INDIA,Total,30-49,308492074,157263555,151228519,212048204,101397235,110650969,68976986,39041847,29935139,27466884,16824473,10642411
0,INDIA,Total,50-69,152333999,76945353,75388646,112604217,52638618,59965599,28813421,16920768,11892653,10916361,7385967,3530394
0,INDIA,Total,70+,39730350,19425797,20304553,31768003,14612126,17155877,6007808,3450976,2556832,1954539,1362695,591844
0,INDIA,Total,Total,1210854977,623270258,587584719,895866207,446573875,449292332,228979190,126159551,102819639,86009580,50536832,35472748
0,INDIA,Total,Age not stated,4489802,2372881,2116921,3467765,1796125,1671640,766906,426766,340140,255131,149990,105141
0,INDIA,Urban,5-9,33120514,17475207,15645307,26763573,14123744,12639829,5185331,2729688,2455643,1171610,621775,549835
0,INDIA,Urban,10-14,35904718,18930677,16974041,22376825,11803248,10573577,9912431,5225871,4686560,3615462,1901558,1713904
0,INDIA,Urban,15-19,36623977,19411839,17212138,18747044,10003227,8743817,11809904,6231938,5577966,6067029,3176674,2890355
0,INDIA,Urban,20-24,37589176,19446031,18143145,18150334,9239481,8910853,12570529,6588887,5981642,6868313,3617663,3250650
0,INDIA,Urban,25-29,35345695,17968219,17377476,17474604,8534371,8940233,11583333,6058481,5524852,6287758,3375367,2912391
0,INDIA,Urban,30-49,106248352,54774297,51474055,55778224,26595477,29182747,33142556,18132508,15010048,17327572,10046312,7281260
0,INDIA,Urban,50-69,49233182,25479374,23753808,27327891,12368111,14959780,14204434,8138453,6065981,7700857,4972810,2728047
0,INDIA,Urban,70+,11644043,5568398,6075645,7317685,2995116,4322569,2906355,1614700,1291655,1420003,958582,461421
0,INDIA,Urban,Total,377106125,195489200,181616925,224758840,111780869,112977971,101721694,54942561,46779133,50625591,28765770,21859821
0,INDIA,Urban,Age not stated,1576350,839461,736889,1002542,522397,480145,406821,222035,184786,166987,95029,71958
1,JAMMU & KASHMIR,Rural,5-9,1109056,584994,524062,787738,412265,375473,268364,144102,124262,52954,28627,24327
1,JAMMU & KASHMIR,Rural,10-14,1097236,575511,521725,411984,206201,205783,522789,280119,242670,162463,89191,73272
1,JAMMU & KASHMIR,Rural,15-19,926108,477098,449010,266632,117592,149040,428611,229506,199105,230865,130000,100865
1,JAMMU & KASHMIR,Rural,20-24,827361,423292,404069,274258,112790,161468,338003,185910,152093,215100,124592,90508
1,JAMMU & KASHMIR,Rural,25-29,738568,385544,353024,288221,119387,168834,294029,171688,122341,156318,94469,61849
1,JAMMU & KASHMIR,Rural,30-49,2084143,1089354,994789,1012365,397943,614422,742221,467155,275066,329557,224256,105301
1,JAMMU & KASHMIR,Rural,50-69,914212,480465,433747,568209,234252,333957,251916,171764,80152,94087,74449,19638
1,JAMMU & KASHMIR,Rural,70+,285244,150469,134775,208780,98096,110684,60175,39967,20208,16289,12406,3883
1,JAMMU & KASHMIR,Rural,Total,9108060,4774477,4333583,4940822,2304114,2636708,2908514,1691659,1216855,1258724,778704,480020
1,JAMMU & KASHMIR,Rural,Age not stated,10843,6859,3984,7346,4697,2649,2406,1448,958,1091,714,377
1,JAMMU & KASHMIR,Total,5-9,1411973,746818,665155,975430,512121,463309,362954,194915,168039,73589,39782,33807
1,JAMMU & KASHMIR,Total,10-14,1413853,744855,668998,508483,257497,250986,682784,365740,317044,222586,121618,100968
1,JAMMU & KASHMIR,Total,15-19,1237462,640362,597100,335338,152250,183088,562972,300967,262005,339152,187145,152007
1,JAMMU & KASHMIR,Total,20-24,1160913,603578,557335,354172,154171,200001,463341,257763,205578,343400,191644,151756
1,JAMMU & KASHMIR,Total,25-29,1086122,584559,501563,386522,172483,214039,427651,254652,172999,271949,157424,114525
1,JAMMU & KASHMIR,Total,30-49,3069723,1636310,1433413,1353645,557310,796335,1108333,691340,416993,607745,387660,220085
1,JAMMU & KASHMIR,Total,50-69,1335288,704522,630766,747867,306406,441461,385115,250994,134121,202306,147122,55184
1,JAMMU & KASHMIR,Total,70+,395965,206410,189555,271753,123571,148182,90302,57457,32845,33910,25382,8528
1,JAMMU & KASHMIR,Total,Total,12541302,6640662,5900640,6358112,3005843,3352269,4086970,2376063,1710907,2096220,1258756,837464
1,JAMMU & KASHMIR,Total,Age not stated,15119,9747,5372,10018,6533,3485,3518,2235,1283,1583,979,604
1,JAMMU & KASHMIR,Urban,5-9,302917,161824,141093,187692,99856,87836,94590,50813,43777,20635,11155,9480
1,JAMMU & KASHMIR,Urban,10-14,316617,169344,147273,96499,51296,45203,159995,85621,74374,60123,32427,27696
1,JAMMU & KASHMIR,Urban,15-19,311354,163264,148090,68706,34658,34048,134361,71461,62900,108287,57145,51142
1,JAMMU & KASHMIR,Urban,20-24,333552,180286,153266,79914,41381,38533,125338,71853,53485,128300,67052,61248
1,JAMMU & KASHMIR,Urban,25-29,347554,199015,148539,98301,53096,45205,133622,82964,50658,115631,62955,52676
1,JAMMU & KASHMIR,Urban,30-49,985580,546956,438624,341280,159367,181913,366112,224185,141927,278188,163404,114784
1,JAMMU & KASHMIR,Urban,50-69,421076,224057,197019,179658,72154,107504,133199,79230,53969,108219,72673,35546
1,JAMMU & KASHMIR,Urban,70+,110721,55941,54780,62973,25475,37498,30127,17490,12637,17621,12976,4645
1,JAMMU & KASHMIR,Urban,Total,3433242,1866185,1567057,1417290,701729,715561,1178456,684404,494052,837496,480052,357444
1,JAMMU & KASHMIR,Urban,Age not stated,4276,2888,1388,2672,1836,836,1112,787,325,492,265,227
2,HIMACHAL PRADESH,Rural,5-9,537559,282441,255118,482894,253455,229439,49468,26115,23353,5197,2871,2326
2,HIMACHAL PRADESH,Rural,10-14,580265,305500,274765,475656,249683,225973,79738,42448,37290,24871,13369,11502
2,HIMACHAL PRADESH,Rural,15-19,575991,300554,275437,455108,236643,218465,76865,41069,35796,44018,22842,21176
2,HIMACHAL PRADESH,Rural,20-24,573439,285167,288272,448539,220818,227721,79920,41476,38444,44980,22873,22107
2,HIMACHAL PRADESH,Rural,25-29,523605,255016,268589,412824,198353,214471,72816,36925,35891,37965,19738,18227
2,HIMACHAL PRADESH,Rural,30-49,1690078,835804,854274,1378351,664129,714222,222512,117826,104686,89215,53849,35366
2,HIMACHAL PRADESH,Rural,50-69,893863,443071,450792,769782,365145,404637,94817,54916,39901,29264,23010,6254
2,HIMACHAL PRADESH,Rural,70+,290933,136150,154783,262213,117336,144877,23735,14510,9225,4985,4304,681
2,HIMACHAL PRADESH,Rural,Total,6176050,3110345,3065705,5194532,2571544,2622988,700701,375762,324939,280817,163039,117778
2,HIMACHAL PRADESH,Rural,Age not stated,9386,4899,4487,8234,4239,3995,830,477,353,322,183,139
2,HIMACHAL PRADESH,Total,5-9,591177,311457,279720,525128,276303,248825,59504,31514,27990,6545,3640,2905
2,HIMACHAL PRADESH,Total,10-14,639224,338240,300984,511127,269247,241880,98614,53058,45556,29483,15935,13548
2,HIMACHAL PRADESH,Total,15-19,640461,336729,303732,490893,257082,233811,98270,52870,45400,51298,26777,24521
2,HIMACHAL PRADESH,Total,20-24,643866,323720,320146,487659,242374,245285,103368,54327,49041,52839,27019,25820
2,HIMACHAL PRADESH,Total,25-29,589160,290125,299035,448962,217527,231435,94633,48876,45757,45565,23722,21843
2,HIMACHAL PRADESH,Total,30-49,1905011,949394,955617,1502694,728145,774549,289520,154518,135002,112797,66731,46066
2,HIMACHAL PRADESH,Total,50-69,987526,494820,492706,825187,394278,430909,121352,70192,51160,40987,30350,10637
2,HIMACHAL PRADESH,Total,70+,313030,147024,166006,276494,123387,153107,29140,17548,11592,7396,6089,1307
2,HIMACHAL PRADESH,Total,Total,6864602,3481873,3382729,5621897,2797907,2823990,895419,483488,411931,347286,200478,146808
2,HIMACHAL PRADESH,Total,Age not stated,10163,5353,4810,8769,4553,4216,1018,585,433,376,215,161
2,HIMACHAL PRADESH,Urban,5-9,53618,29016,24602,42234,22848,19386,10036,5399,4637,1348,769,579
2,HIMACHAL PRADESH,Urban,10-14,58959,32740,26219,35471,19564,15907,18876,10610,8266,4612,2566,2046
2,HIMACHAL PRADESH,Urban,15-19,64470,36175,28295,35785,20439,15346,21405,11801,9604,7280,3935,3345
2,HIMACHAL PRADESH,Urban,20-24,70427,38553,31874,39120,21556,17564,23448,12851,10597,7859,4146,3713
2,HIMACHAL PRADESH,Urban,25-29,65555,35109,30446,36138,19174,16964,21817,11951,9866,7600,3984,3616
2,HIMACHAL PRADESH,Urban,30-49,214933,113590,101343,124343,64016,60327,67008,36692,30316,23582,12882,10700
2,HIMACHAL PRADESH,Urban,50-69,93663,51749,41914,55405,29133,26272,26535,15276,11259,11723,7340,4383
2,HIMACHAL PRADESH,Urban,70+,22097,10874,11223,14281,6051,8230,5405,3038,2367,2411,1785,626
2,HIMACHAL PRADESH,Urban,Total,688552,371528,317024,427365,226363,201002,194718,107726,86992,66469,37439,29030
2,HIMACHAL PRADESH,Urban,Age not stated,777,454,323,535,314,221,188,108,80,54,32,22
3,PUNJAB,Rural,5-9,1507022,827905,679117,1288287,708140,580147,133567,72633,60934,85168,47132,38036
3,PUNJAB,Rural,10-14,1668828,931366,737462,810346,457324,353022,416661,232138,184523,441821,241904,199917
3,PUNJAB,Rural,15-19,1814427,1003831,810596,592504,333692,258812,407500,229868,177632,814423,440271,374152
3,PUNJAB,Rural,20-24,1706833,888739,818094,601615,313838,287777,352624,190068,162556,752594,384833,367761
3,PUNJAB,Rural,25-29,1455456,738196,717260,598788,290944,307844,302846,160694,142152,553822,286558,267264
3,PUNJAB,Rural,30-49,4533934,2292006,2241928,2514682,1139670,1375012,850172,463634,386538,1169080,688702,480378
3,PUNJAB,Rural,50-69,2469843,1249308,1220535,1794777,785387,1009390,323078,199081,123997,351988,264840,87148
3,PUNJAB,Rural,70+,806870,416308,390562,688690,325708,362982,62211,43737,18474,55969,46863,9106
3,PUNJAB,Rural,Total,17344192,9093476,8250716,10261012,5095216,5165796,2852310,1593793,1258517,4230870,2404467,1826403
3,PUNJAB,Rural,Age not stated,29610,15833,13777,19954,10529,9425,3651,1940,1711,6005,3364,2641
3,PUNJAB,Total,5-9,2368019,1301682,1066337,1898902,1042861,856041,286397,157010,129387,182720,101811,80909
3,PUNJAB,Total,10-14,2583402,1445530,1137872,1161180,654505,506675,684949,382728,302221,737273,408297,328976
3,PUNJAB,Total,15-19,2817683,1570180,1247503,878042,500837,377205,650158,368767,281391,1289483,700576,588907
3,PUNJAB,Total,20-24,2776636,1465531,1311105,910550,483182,427368,598747,328919,269828,1267339,653430,613909
3,PUNJAB,Total,25-29,2463861,1270405,1193456,911358,453551,457807,549947,299288,250659,1002556,517566,484990
3,PUNJAB,Total,30-49,7481850,3820738,3661112,3552353,1634237,1918116,1606582,880329,726253,2322915,1306172,1016743
3,PUNJAB,Total,50-69,3927197,2004798,1922399,2360257,1022679,1337578,685556,395789,289767,881384,586330,295054
3,PUNJAB,Total,70+,1149639,588373,561266,875503,399403,476100,137069,84368,52701,137067,104602,32465
3,PUNJAB,Total,Total,27743338,14639465,13103873,14708114,7355282,7352832,5205311,2900342,2304969,7829913,4383841,3446072
3,PUNJAB,Total,Age not stated,41522,22272,19250,26440,14071,12369,5906,3144,2762,9176,5057,4119
3,PUNJAB,Urban,5-9,860997,473777,387220,610615,334721,275894,152830,84377,68453,97552,54679,42873
3,PUNJAB,Urban,10-14,914574,514164,400410,350834,197181,153653,268288,150590,117698,295452,166393,129059
3,PUNJAB,Urban,15-19,1003256,566349,436907,285538,167145,118393,242658,138899,103759,475060,260305,214755
3,PUNJAB,Urban,20-24,1069803,576792,493011,308935,169344,139591,246123,138851,107272,514745,268597,246148
3,PUNJAB,Urban,25-29,1008405,532209,476196,312570,162607,149963,247101,138594,108507,448734,231008,217726
3,PUNJAB,Urban,30-49,2947916,1528732,1419184,1037671,494567,543104,756410,416695,339715,1153835,617470,536365
3,PUNJAB,Urban,50-69,1457354,755490,701864,565480,237292,328188,362478,196708,165770,529396,321490,207906
3,PUNJAB,Urban,70+,342769,172065,170704,186813,73695,113118,74858,40631,34227,81098,57739,23359
3,PUNJAB,Urban,Total,10399146,5545989,4853157,4447102,2260066,2187036,2353001,1306549,1046452,3599043,1979374,1619669
3,PUNJAB,Urban,Age not stated,11912,6439,5473,6486,3542,2944,2255,1204,1051,3171,1693,1478
4,CHANDIGARH,Rural,5-9,2921,1572,1349,2320,1267,1053,484,242,242,117,63,54
4,CHANDIGARH,Rural,10-14,2537,1421,1116,1399,775,624,712,408,304,426,238,188
4,CHANDIGARH,Rural,15-19,2765,1787,978,1343,921,422,732,475,257,690,391,299
4,CHANDIGARH,Rural,20-24,3593,2255,1338,1911,1229,682,969,613,356,713,413,300
4,CHANDIGARH,Rural,25-29,3806,2260,1546,2016,1220,796,1129,652,477,661,388,273
4,CHANDIGARH,Rural,30-49,8018,4942,3076,4095,2482,1613,2548,1588,960,1375,872,503
4,CHANDIGARH,Rural,50-69,1962,1104,858,950,478,472,689,385,304,323,241,82
4,CHANDIGARH,Rural,70+,362,194,168,210,96,114,107,59,48,45,39,6
4,CHANDIGARH,Rural,Total,28991,17150,11841,17268,10081,7187,7370,4422,2948,4353,2647,1706
4,CHANDIGARH,Rural,Age not stated,6,4,2,3,2,1,0,0,0,3,2,1
4,CHANDIGARH,Total,5-9,91194,49255,41939,65589,35165,30424,17059,9321,7738,8546,4769,3777
4,CHANDIGARH,Total,10-14,93464,52140,41324,41623,22877,18746,24413,13727,10686,27428,15536,11892
4,CHANDIGARH,Total,15-19,104418,60521,43897,35612,21991,13621,27583,15927,11656,41223,22603,18620
4,CHANDIGARH,Total,20-24,121244,68467,52777,41989,24844,17145,33233,19161,14072,46022,24462,21560
4,CHANDIGARH,Total,25-29,110237,60694,49543,42438,23522,18916,30669,17284,13385,37130,19888,17242
4,CHANDIGARH,Total,30-49,303748,165352,138396,120734,64384,56350,85106,47820,37286,97908,53148,44760
4,CHANDIGARH,Total,50-69,123507,67633,55874,37821,18660,19161,32856,17891,14965,52830,31082,21748
4,CHANDIGARH,Total,70+,25438,13053,12385,7653,2843,4810,6958,3176,3782,10827,7034,3793
4,CHANDIGARH,Total,Total,1055450,580663,474787,475530,257765,217765,257941,144341,113600,321979,178557,143422
4,CHANDIGARH,Total,Age not stated,346,201,145,217,132,85,64,34,30,65,35,30
4,CHANDIGARH,Urban,5-9,88273,47683,40590,63269,33898,29371,16575,9079,7496,8429,4706,3723
4,CHANDIGARH,Urban,10-14,90927,50719,40208,40224,22102,18122,23701,13319,10382,27002,15298,11704
4,CHANDIGARH,Urban,15-19,101653,58734,42919,34269,21070,13199,26851,15452,11399,40533,22212,18321
4,CHANDIGARH,Urban,20-24,117651,66212,51439,40078,23615,16463,32264,18548,13716,45309,24049,21260
4,CHANDIGARH,Urban,25-29,106431,58434,47997,40422,22302,18120,29540,16632,12908,36469,19500,16969
4,CHANDIGARH,Urban,30-49,295730,160410,135320,116639,61902,54737,82558,46232,36326,96533,52276,44257
4,CHANDIGARH,Urban,50-69,121545,66529,55016,36871,18182,18689,32167,17506,14661,52507,30841,21666
4,CHANDIGARH,Urban,70+,25076,12859,12217,7443,2747,4696,6851,3117,3734,10782,6995,3787
4,CHANDIGARH,Urban,Total,1026459,563513,462946,458262,247684,210578,250571,139919,110652,317626,175910,141716
4,CHANDIGARH,Urban,Age not stated,340,197,143,214,130,84,64,34,30,62,33,29
5,UTTARAKHAND,Rural,5-9,770582,404255,366327,712955,373874,339081,55824,29443,26381,1803,938,865
5,UTTARAKHAND,Rural,10-14,835418,434578,400840,727444,377483,349961,100492,53159,47333,7482,3936,3546
5,UTTARAKHAND,Rural,15-19,792898,407069,385829,659127,335668,323459,119452,63715,55737,14319,7686,6633
5,UTTARAKHAND,Rural,20-24,648027,312431,335596,531701,249102,282599,103670,56137,47533,12656,7192,5464
5,UTTARAKHAND,Rural,25-29,529754,253277,276477,443242,204856,238386,77874,43173,34701,8638,5248,3390
5,UTTARAKHAND,Rural,30-49,1605056,785147,819909,1383606,655322,728284,203273,117521,85752,18177,12304,5873
5,UTTARAKHAND,Rural,50-69,899333,432102,467231,810223,378085,432138,82928,49465,33463,6182,4552,1630
5,UTTARAKHAND,Rural,70+,268121,127498,140623,246796,114635,132161,20033,11853,8180,1292,1010,282
5,UTTARAKHAND,Rural,Total,7036954,3519042,3517912,6201723,3051074,3150649,764620,425075,339545,70611,42893,27718
5,UTTARAKHAND,Rural,Age not stated,10472,5748,4724,9336,5112,4224,1074,609,465,62,27,35
5,UTTARAKHAND,Total,5-9,1058801,560179,498622,956763,506225,450538,97823,51751,46072,4215,2203,2012
5,UTTARAKHAND,Total,10-14,1145343,603274,542069,947502,497348,450154,181937,97471,84466,15904,8455,7449
5,UTTARAKHAND,Total,15-19,1124110,588483,535627,866443,450201,416242,228140,123001,105139,29527,15281,14246
5,UTTARAKHAND,Total,20-24,970068,484614,485454,723719,350429,373290,216327,117576,98751,30022,16609,13413
5,UTTARAKHAND,Total,25-29,810184,397363,412821,616622,291751,324871,170870,92707,78163,22692,12905,9787
5,UTTARAKHAND,Total,30-49,2419886,1209774,1210112,1920246,923141,997105,444627,253044,191583,55013,33589,21424
5,UTTARAKHAND,Total,50-69,1263434,625521,637913,1053044,498150,554894,185901,111308,74593,24489,16063,8426
5,UTTARAKHAND,Total,70+,352994,170265,182729,305686,141199,164487,41576,24769,16807,5732,4297,1435
5,UTTARAKHAND,Total,Total,10086292,5137773,4948519,8328536,4155011,4173525,1569934,873233,696701,187822,109529,78293
5,UTTARAKHAND,Total,Age not stated,16608,9312,7296,13647,7579,6068,2733,1606,1127,228,127,101
5,UTTARAKHAND,Urban,5-9,288219,155924,132295,243808,132351,111457,41999,22308,19691,2412,1265,1147
5,UTTARAKHAND,Urban,10-14,309925,168696,141229,220058,119865,100193,81445,44312,37133,8422,4519,3903
5,UTTARAKHAND,Urban,15-19,331212,181414,149798,207316,114533,92783,108688,59286,49402,15208,7595,7613
5,UTTARAKHAND,Urban,20-24,322041,172183,149858,192018,101327,90691,112657,61439,51218,17366,9417,7949
5,UTTARAKHAND,Urban,25-29,280430,144086,136344,173380,86895,86485,92996,49534,43462,14054,7657,6397
5,UTTARAKHAND,Urban,30-49,814830,424627,390203,536640,267819,268821,241354,135523,105831,36836,21285,15551
5,UTTARAKHAND,Urban,50-69,364101,193419,170682,242821,120065,122756,102973,61843,41130,18307,11511,6796
5,UTTARAKHAND,Urban,70+,84873,42767,42106,58890,26564,32326,21543,12916,8627,4440,3287,1153
5,UTTARAKHAND,Urban,Total,3049338,1618731,1430607,2126813,1103937,1022876,805314,448158,357156,117211,66636,50575
5,UTTARAKHAND,Urban,Age not stated,6136,3564,2572,4311,2467,1844,1659,997,662,166,100,66
6,HARYANA,Rural,5-9,1679882,920472,759410,1546985,847404,699581,125711,68968,56743,7186,4100,3086
6,HARYANA,Rural,10-14,1812859,996086,816773,1468125,803799,664326,284594,158641,125953,60140,33646,26494
6,HARYANA,Rural,15-19,1799991,994391,805600,1301553,714324,587229,368372,207946,160426,130066,72121,57945
6,HARYANA,Rural,20-24,1658579,889577,769002,1208704,637427,571277,338196,190429,147767,111679,61721,49958
6,HARYANA,Rural,25-29,1384241,737729,646512,1051355,543013,508342,258170,150597,107573,74716,44119,30597
6,HARYANA,Rural,30-49,3984236,2074213,1910023,3275257,1618090,1657167,576047,365664,210383,132932,90459,42473
6,HARYANA,Rural,50-69,1970560,983214,987346,1733371,815652,917719,198508,135808,62700,38681,31754,6927
6,HARYANA,Rural,70+,595507,296690,298817,546352,262813,283539,42349,27951,14398,6806,5926,880
6,HARYANA,Rural,Total,16509359,8774006,7735353,13751817,7122253,6629564,2194575,1307460,887115,562967,344293,218674
6,HARYANA,Rural,Age not stated,20581,11011,9570,17192,9108,8084,2628,1456,1172,761,447,314
6,HARYANA,Total,5-9,2498757,1371825,1126932,2266177,1243018,1023159,214884,118836,96048,17696,9971,7725
6,HARYANA,Total,10-14,2668678,1474136,1194542,2095138,1153054,942084,476031,266392,209639,97509,54690,42819
6,HARYANA,Total,15-19,2677390,1487548,1189842,1833484,1014357,819127,647958,365233,282725,195948,107958,87990
6,HARYANA,Total,20-24,2567486,1372799,1194687,1732090,914927,817163,647806,356854,290952,187590,101018,86572
6,HARYANA,Total,25-29,2231959,1178340,1053619,1542599,795188,747411,540898,301228,239670,148462,81924,66538
6,HARYANA,Total,30-49,6403218,3335891,3067327,4749965,2352648,2397317,1312949,781027,531922,340304,202216,138088
6,HARYANA,Total,50-69,3064954,1554125,1510829,2403952,1132774,1271178,508822,321206,187616,152180,100145,52035
6,HARYANA,Total,70+,844967,419393,425574,713081,334015,379066,102455,62903,39552,29431,22475,6956
6,HARYANA,Total,Total,25351462,13494734,11856728,19724101,10237089,9487012,4456790,2576417,1880373,1170571,681228,489343
6,HARYANA,Total,Age not stated,31534,16888,14646,25096,13319,11777,4987,2738,2249,1451,831,620
6,HARYANA,Urban,5-9,818875,451353,367522,719192,395614,323578,89173,49868,39305,10510,5871,4639
6,HARYANA,Urban,10-14,855819,478050,377769,627013,349255,277758,191437,107751,83686,37369,21044,16325
6,HARYANA,Urban,15-19,877399,493157,384242,531931,300033,231898,279586,157287,122299,65882,35837,30045
6,HARYANA,Urban,20-24,908907,483222,425685,523386,277500,245886,309610,166425,143185,75911,39297,36614
6,HARYANA,Urban,25-29,847718,440611,407107,491244,252175,239069,282728,150631,132097,73746,37805,35941
6,HARYANA,Urban,30-49,2418982,1261678,1157304,1474708,734558,740150,736902,415363,321539,207372,111757,95615
6,HARYANA,Urban,50-69,1094394,570911,523483,670581,317122,353459,310314,185398,124916,113499,68391,45108
6,HARYANA,Urban,70+,249460,122703,126757,166729,71202,95527,60106,34952,25154,22625,16549,6076
6,HARYANA,Urban,Total,8842103,4720728,4121375,5972284,3114836,2857448,2262215,1268957,993258,607604,336935,270669
6,HARYANA,Urban,Age not stated,10953,5877,5076,7904,4211,3693,2359,1282,1077,690,384,306
7,NCT OF DELHI,Rural,5-9,42594,23698,18896,40148,22318,17830,2392,1354,1038,54,26,28
7,NCT OF DELHI,Rural,10-14,45883,25479,20404,37715,20908,16807,7829,4376,3453,339,195,144
7,NCT OF DELHI,Rural,15-19,44367,24916,19451,28633,16193,12440,14895,8270,6625,839,453,386
7,NCT OF DELHI,Rural,20-24,44407,23805,20602,27379,14451,12928,16227,8897,7330,801,457,344
7,NCT OF DELHI,Rural,25-29,39250,20584,18666,25421,12846,12575,13103,7332,5771,726,406,320
7,NCT OF DELHI,Rural,30-49,111119,59330,51789,80196,39471,40725,29067,18694,10373,1856,1165,691
7,NCT OF DELHI,Rural,50-69,42393,22114,20279,33281,15328,17953,8428,6302,2126,684,484,200
7,NCT OF DELHI,Rural,70+,9387,4633,4754,8023,3598,4425,1193,887,306,171,148,23
7,NCT OF DELHI,Rural,Total,419042,226321,192721,320329,166817,153512,93239,56168,37071,5474,3336,2138
7,NCT OF DELHI,Rural,Age not stated,517,281,236,408,223,185,105,56,49,4,2,2
7,NCT OF DELHI,Total,5-9,1535972,829487,706485,1297206,700575,596631,210252,113721,96531,28514,15191,13323
7,NCT OF DELHI,Total,10-14,1648147,895446,752701,1093022,593552,499470,468752,255788,212964,86373,46106,40267
7,NCT OF DELHI,Total,15-19,1667375,925118,742257,844224,478323,365901,686700,375013,311687,136451,71782,64669
7,NCT OF DELHI,Total,20-24,1764060,951411,812649,839173,454828,384345,764978,413392,351586,159909,83191,76718
7,NCT OF DELHI,Total,25-29,1668326,878196,790130,819048,424801,394247,692798,372890,319908,156480,80505,75975
7,NCT OF DELHI,Total,30-49,4762353,2541995,2220358,2496516,1261699,1234817,1796333,1026016,770317,469504,254280,215224
7,NCT OF DELHI,Total,50-69,1940832,1022908,917924,983472,458237,525235,697726,415277,282449,259634,149394,110240
7,NCT OF DELHI,Total,70+,402974,199254,203720,205909,82541,123368,136622,76148,60474,60443,40565,19878
7,NCT OF DELHI,Total,Total,16787941,8987326,7800615,9970727,5194868,4775859,5458981,3050945,2408036,1358233,741513,616720
7,NCT OF DELHI,Total,Age not stated,16702,9175,7527,10957,5976,4981,4820,2700,2120,925,499,426
7,NCT OF DELHI,Urban,5-9,1493378,805789,687589,1257058,678257,578801,207860,112367,95493,28460,15165,13295
7,NCT OF DELHI,Urban,10-14,1602264,869967,732297,1055307,572644,482663,460923,251412,209511,86034,45911,40123
7,NCT OF DELHI,Urban,15-19,1623008,900202,722806,815591,462130,353461,671805,366743,305062,135612,71329,64283
7,NCT OF DELHI,Urban,20-24,1719653,927606,792047,811794,440377,371417,748751,404495,344256,159108,82734,76374
7,NCT OF DELHI,Urban,25-29,1629076,857612,771464,793627,411955,381672,679695,365558,314137,155754,80099,75655
7,NCT OF DELHI,Urban,30-49,4651234,2482665,2168569,2416320,1222228,1194092,1767266,1007322,759944,467648,253115,214533
7,NCT OF DELHI,Urban,50-69,1898439,1000794,897645,950191,442909,507282,689298,408975,280323,258950,148910,110040
7,NCT OF DELHI,Urban,70+,393587,194621,198966,197886,78943,118943,135429,75261,60168,60272,40417,19855
7,NCT OF DELHI,Urban,Total,16368899,8761005,7607894,9650398,5028051,4622347,5365742,2994777,2370965,1352759,738177,614582
7,NCT OF DELHI,Urban,Age not stated,16185,8894,7291,10549,5753,4796,4715,2644,2071,921,497,424
8,RAJASTHAN,Rural,5-9,6326379,3336981,2989398,5997285,3161380,2835905,320569,170875,149694,8525,4726,3799
8,RAJASTHAN,Rural,10-14,6537189,3446732,3090457,5838924,3064923,2774001,621711,338168,283543,76554,43641,32913
8,RAJASTHAN,Rural,15-19,5496935,2918083,2578852,4754855,2488972,2265883,585654,334783,250871,156426,94328,62098
8,RAJASTHAN,Rural,20-24,4682761,2471674,2211087,4098700,2107198,1991502,468061,287429,180632,116000,77047,38953
8,RAJASTHAN,Rural,25-29,3832693,1981853,1850840,3411324,1710034,1701290,350082,220732,129350,71287,51087,20200
8,RAJASTHAN,Rural,30-49,11513684,5842607,5671077,10485956,5158888,5327068,888282,573829,314453,139446,109890,29556
8,RAJASTHAN,Rural,50-69,5516157,2751911,2764246,5174465,2525671,2648794,309236,198878,110358,32456,27362,5094
8,RAJASTHAN,Rural,70+,1609143,737520,871623,1533893,692616,841277,70099,40758,29341,5151,4146,1005
8,RAJASTHAN,Rural,Total,51500352,26641747,24858605,47253326,24047937,23205389,3637519,2179192,1458327,609507,414618,194889
8,RAJASTHAN,Rural,Age not stated,214487,108656,105831,187000,92525,94475,23825,13740,10085,3662,2391,1271
8,RAJASTHAN,Total,5-9,8042738,4258873,3783865,7563586,4002938,3560648,463417,247252,216165,15735,8683,7052
8,RAJASTHAN,Total,10-14,8380518,4430696,3949822,7390469,3892118,3498351,886240,480209,406031,103809,58369,45440
8,RAJASTHAN,Total,15-19,7314017,3889874,3424143,6161504,3240222,2921282,941572,526286,415286,210941,123366,87575
8,RAJASTHAN,Total,20-24,6426494,3377483,3049011,5406536,2781542,2624994,843795,487286,356509,176163,108655,67508
8,RAJASTHAN,Total,25-29,5348497,2763059,2585438,4550602,2287647,2262955,676633,397180,279453,121262,78232,43030
8,RAJASTHAN,Total,30-49,15938006,8121787,7816219,13881795,6857989,7023806,1785517,1077355,708162,270694,186443,84251
8,RAJASTHAN,Total,50-69,7444772,3754368,3690404,6669664,3264466,3405198,687412,425716,261696,87696,64186,23510
8,RAJASTHAN,Total,70+,2081623,958768,1122855,1917008,859900,1057108,149293,87190,62103,15322,11678,3644
8,RAJASTHAN,Total,Total,68548437,35550997,32997440,61075251,31161077,29914174,6466435,3747078,2719357,1006751,642842,363909
8,RAJASTHAN,Total,Age not stated,269602,137515,132087,231917,115681,116236,32556,18604,13952,5129,3230,1899
8,RAJASTHAN,Urban,5-9,1716359,921892,794467,1566301,841558,724743,142848,76377,66471,7210,3957,3253
8,RAJASTHAN,Urban,10-14,1843329,983964,859365,1551545,827195,724350,264529,142041,122488,27255,14728,12527
8,RAJASTHAN,Urban,15-19,1817082,971791,845291,1406649,751250,655399,355918,191503,164415,54515,29038,25477
8,RAJASTHAN,Urban,20-24,1743733,905809,837924,1307836,674344,633492,375734,199857,175877,60163,31608,28555
8,RAJASTHAN,Urban,25-29,1515804,781206,734598,1139278,577613,561665,326551,176448,150103,49975,27145,22830
8,RAJASTHAN,Urban,30-49,4424322,2279180,2145142,3395839,1699101,1696738,897235,503526,393709,131248,76553,54695
8,RAJASTHAN,Urban,50-69,1928615,1002457,926158,1495199,738795,756404,378176,226838,151338,55240,36824,18416
8,RAJASTHAN,Urban,70+,472480,221248,251232,383115,167284,215831,79194,46432,32762,10171,7532,2639
8,RAJASTHAN,Urban,Total,17048085,8909250,8138835,13821925,7113140,6708785,2828916,1567886,1261030,397244,228224,169020
8,RAJASTHAN,Urban,Age not stated,55115,28859,26256,44917,23156,21761,8731,4864,3867,1467,839,628
9,UTTAR PRADESH,Rural,5-9,20362456,10744603,9617853,19778008,10438669,9339339,557596,291914,265682,26852,14020,12832
9,UTTAR PRADESH,Rural,10-14,20773940,10962322,9811618,19308179,10189032,9119147,1306593,689608,616985,159168,83682,75486
9,UTTAR PRADESH,Rural,15-19,17779084,9493418,8285666,15613859,8316609,7297250,1870699,1017213,853486,294526,159596,134930
9,UTTAR PRADESH,Rural,20-24,12989044,6927701,6061343,11328459,5927876,5400583,1443265,866571,576694,217320,133254,84066
9,UTTAR PRADESH,Rural,25-29,10860729,5531452,5329277,9774296,4857447,4916849,952927,586476,366451,133506,87529,45977
9,UTTAR PRADESH,Rural,30-49,33297613,16968156,16329457,30648281,15195914,15452367,2351186,1551366,799820,298146,220876,77270
9,UTTAR PRADESH,Rural,50-69,16751732,8569570,8182162,15745151,7835809,7909342,898406,642259,256147,108175,91502,16673
9,UTTAR PRADESH,Rural,70+,4774027,2531030,2242997,4552466,2373224,2179242,199882,139573,60309,21679,18233,3446
9,UTTAR PRADESH,Rural,Total,155317278,80992995,74324283,144399381,74351827,70047554,9650049,5827004,3823045,1267848,814164,453684
9,UTTAR PRADESH,Rural,Age not stated,1172430,624380,548050,1094459,576884,517575,69495,42024,27471,8476,5472,3004
9,UTTAR PRADESH,Total,5-9,25061717,13250331,11811386,23899068,12640994,11258074,1102189,578186,524003,60460,31151,29309
9,UTTAR PRADESH,Total,10-14,25869881,13679154,12190727,23209174,12280132,10929042,2391646,1260189,1131457,269061,138833,130228
9,UTTAR PRADESH,Total,15-19,23040380,12307573,10732807,19147984,10234886,8913098,3386389,1809282,1577107,506007,263405,242602
9,UTTAR PRADESH,Total,20-24,17578648,9405485,8173163,14207844,7487565,6720279,2941288,1674198,1267090,429516,243722,185794
9,UTTAR PRADESH,Total,25-29,14579829,7466367,7113462,12170526,6083153,6087373,2121501,1213938,907563,287802,169276,118526
9,UTTAR PRADESH,Total,30-49,44192083,22609942,21582141,38035313,18830684,19204629,5478025,3338128,2139897,678745,441130,237615
9,UTTAR PRADESH,Total,50-69,21596329,11125361,10470968,19095482,9443390,9652092,2223801,1478557,745244,277046,203414,73632
9,UTTAR PRADESH,Total,70+,5894744,3109890,2784854,5374717,2758211,2616506,462417,307208,155209,57610,44471,13139
9,UTTAR PRADESH,Total,Total,199812341,104480510,95331831,176938732,91170601,85768131,20287945,11762916,8525029,2585664,1546993,1038671
9,UTTAR PRADESH,Total,Age not stated,1622062,865933,756129,1421956,751112,670844,180689,103230,77459,19417,11591,7826
9,UTTAR PRADESH,Urban,5-9,4699261,2505728,2193533,4121060,2202325,1918735,544593,286272,258321,33608,17131,16477
9,UTTAR PRADESH,Urban,10-14,5095941,2716832,2379109,3900995,2091100,1809895,1085053,570581,514472,109893,55151,54742
9,UTTAR PRADESH,Urban,15-19,5261296,2814155,2447141,3534125,1918277,1615848,1515690,792069,723621,211481,103809,107672
9,UTTAR PRADESH,Urban,20-24,4589604,2477784,2111820,2879385,1559689,1319696,1498023,807627,690396,212196,110468,101728
9,UTTAR PRADESH,Urban,25-29,3719100,1934915,1784185,2396230,1225706,1170524,1168574,627462,541112,154296,81747,72549
9,UTTAR PRADESH,Urban,30-49,10894470,5641786,5252684,7387032,3634770,3752262,3126839,1786762,1340077,380599,220254,160345
9,UTTAR PRADESH,Urban,50-69,4844597,2555791,2288806,3350331,1607581,1742750,1325395,836298,489097,168871,111912,56959
9,UTTAR PRADESH,Urban,70+,1120717,578860,541857,822251,384987,437264,262535,167635,94900,35931,26238,9693
9,UTTAR PRADESH,Urban,Total,44495063,23487515,21007548,32539351,16818774,15720577,10637896,5935912,4701984,1317816,732829,584987
9,UTTAR PRADESH,Urban,Age not stated,449632,241553,208079,327497,174228,153269,111194,61206,49988,10941,6119,4822
10,BIHAR,Rural,5-9,13630801,7057963,6572838,12036216,6230546,5805670,1519399,788303,731096,75186,39114,36072
10,BIHAR,Rural,10-14,12472947,6563975,5908972,9988933,5244140,4744793,2270843,1206670,1064173,213171,113165,100006
10,BIHAR,Rural,15-19,8243729,4622498,3621231,6512209,3622294,2889915,1519613,876964,642649,211907,123240,88667
10,BIHAR,Rural,20-24,7011053,3644529,3366524,5616633,2849408,2767225,1232502,694432,538070,161918,100689,61229
10,BIHAR,Rural,25-29,6722688,3340162,3382526,5466509,2637344,2829165,1128733,622630,506103,127446,80188,47258
10,BIHAR,Rural,30-49,20106696,10300146,9806550,16529148,8222509,8306639,3249326,1856711,1392615,328222,220926,107296
10,BIHAR,Rural,50-69,9884100,5099038,4785062,8343182,4174089,4169093,1421253,836010,585243,119665,88939,30726
10,BIHAR,Rural,70+,2320109,1285167,1034942,2009896,1090575,919321,288426,177893,110533,21787,16699,5088
10,BIHAR,Rural,Total,92341436,48073850,44267586,78411179,40207957,38203222,12667581,7080819,5586762,1262676,785074,477602
10,BIHAR,Rural,Age not stated,349025,190547,158478,308165,167227,140938,37486,21206,16280,3374,2114,1260
10,BIHAR,Total,5-9,15036277,7796359,7239918,13231446,6859364,6372082,1711737,888699,823038,93094,48296,44798
10,BIHAR,Total,10-14,13919882,7323831,6596051,11070877,5814086,5256791,2587182,1371939,1215243,261823,137806,124017
10,BIHAR,Total,15-19,9472695,5290581,4182114,7362346,4088400,3273946,1833895,1045665,788230,276454,156516,119938
10,BIHAR,Total,20-24,8064735,4210585,3854150,6334919,3231180,3103739,1510386,847010,663376,219430,132395,87035
10,BIHAR,Total,25-29,7671705,3828687,3843018,6130534,2970859,3159675,1367786,751857,615929,173385,105971,67414
10,BIHAR,Total,30-49,22949064,11785560,11163504,18551148,9242381,9308767,3946194,2246932,1699262,451722,296247,155475
10,BIHAR,Total,50-69,11207205,5802424,5404781,9310453,4657100,4653353,1725675,1020385,705290,171077,124939,46138
10,BIHAR,Total,70+,2609358,1442950,1166408,2231073,1204721,1026352,347705,214983,132722,30580,23246,7334
10,BIHAR,Total,Total,104099452,54278157,49821295,87337667,44834662,42503005,15079213,8415020,6664193,1682572,1028475,654097
10,BIHAR,Total,Age not stated,403502,220309,183193,349842,189700,160142,48653,27550,21103,5007,3059,1948
10,BIHAR,Urban,5-9,1405476,738396,667080,1195230,628818,566412,192338,100396,91942,17908,9182,8726
10,BIHAR,Urban,10-14,1446935,759856,687079,1081944,569946,511998,316339,165269,151070,48652,24641,24011
10,BIHAR,Urban,15-19,1228966,668083,560883,850137,466106,384031,314282,168701,145581,64547,33276,31271
10,BIHAR,Urban,20-24,1053682,566056,487626,718286,381772,336514,277884,152578,125306,57512,31706,25806
10,BIHAR,Urban,25-29,949017,488525,460492,664025,333515,330510,239053,129227,109826,45939,25783,20156
10,BIHAR,Urban,30-49,2842368,1485414,1356954,2022000,1019872,1002128,696868,390221,306647,123500,75321,48179
10,BIHAR,Urban,50-69,1323105,703386,619719,967271,483011,484260,304422,184375,120047,51412,36000,15412
10,BIHAR,Urban,70+,289249,157783,131466,221177,114146,107031,59279,37090,22189,8793,6547,2246
10,BIHAR,Urban,Total,11758016,6204307,5553709,8926488,4626705,4299783,2411632,1334201,1077431,419896,243401,176495
10,BIHAR,Urban,Age not stated,54477,29762,24715,41677,22473,19204,11167,6344,4823,1633,945,688
11,SIKKIM,Rural,5-9,44158,22334,21824,28773,14672,14101,11849,5946,5903,3536,1716,1820
11,SIKKIM,Rural,10-14,52191,26588,25603,17434,9233,8201,19335,9828,9507,15422,7527,7895
11,SIKKIM,Rural,15-19,50759,25943,24816,11185,6041,5144,17429,9180,8249,22145,10722,11423
11,SIKKIM,Rural,20-24,49839,26301,23538,11710,6081,5629,18741,10226,8515,19388,9994,9394
11,SIKKIM,Rural,25-29,46628,25475,21153,11854,6131,5723,18234,10429,7805,16540,8915,7625
11,SIKKIM,Rural,30-49,115555,63197,52358,37509,16888,20621,45716,26183,19533,32330,20126,12204
11,SIKKIM,Rural,50-69,50707,27966,22741,23912,11005,12907,19357,11411,7946,7438,5550,1888
11,SIKKIM,Rural,70+,13793,7921,5872,7611,3932,3679,5007,3107,1900,1175,882,293
11,SIKKIM,Rural,Total,456999,242797,214202,182769,90735,92034,156054,86517,69537,118176,65545,52631
11,SIKKIM,Rural,Age not stated,987,531,456,399,211,188,386,207,179,202,113,89
11,SIKKIM,Total,5-9,56678,28688,27990,35288,17954,17334,15602,7861,7741,5788,2873,2915
11,SIKKIM,Total,10-14,66923,33965,32958,20571,10843,9728,24687,12509,12178,21665,10613,11052
11,SIKKIM,Total,15-19,66937,33998,32939,13605,7309,6296,22676,11831,10845,30656,14858,15798
11,SIKKIM,Total,20-24,67297,35146,32151,14224,7393,6831,24802,13458,11344,28271,14295,13976
11,SIKKIM,Total,25-29,64639,34700,29939,14595,7418,7177,24645,13831,10814,25399,13451,11948
11,SIKKIM,Total,30-49,161866,88242,73624,44787,20228,24559,63217,35697,27520,53862,32317,21545
11,SIKKIM,Total,50-69,66006,36571,29435,27151,12335,14816,25305,14747,10558,13550,9489,4061
11,SIKKIM,Total,70+,16719,9438,7281,8560,4319,4241,6226,3746,2480,1933,1373,560
11,SIKKIM,Total,Total,610577,323070,287507,221578,109730,111848,207597,113913,93684,181402,99427,81975
11,SIKKIM,Total,Age not stated,1176,637,539,461,246,215,437,233,204,278,158,120
11,SIKKIM,Urban,5-9,12520,6354,6166,6515,3282,3233,3753,1915,1838,2252,1157,1095
11,SIKKIM,Urban,10-14,14732,7377,7355,3137,1610,1527,5352,2681,2671,6243,3086,3157
11,SIKKIM,Urban,15-19,16178,8055,8123,2420,1268,1152,5247,2651,2596,8511,4136,4375
11,SIKKIM,Urban,20-24,17458,8845,8613,2514,1312,1202,6061,3232,2829,8883,4301,4582
11,SIKKIM,Urban,25-29,18011,9225,8786,2741,1287,1454,6411,3402,3009,8859,4536,4323
11,SIKKIM,Urban,30-49,46311,25045,21266,7278,3340,3938,17501,9514,7987,21532,12191,9341
11,SIKKIM,Urban,50-69,15299,8605,6694,3239,1330,1909,5948,3336,2612,6112,3939,2173
11,SIKKIM,Urban,70+,2926,1517,1409,949,387,562,1219,639,580,758,491,267
11,SIKKIM,Urban,Total,153578,80273,73305,38809,18995,19814,51543,27396,24147,63226,33882,29344
11,SIKKIM,Urban,Age not stated,189,106,83,62,35,27,51,26,25,76,45,31
12,ARUNACHAL PRADESH,Rural,5-9,138348,70237,68111,77414,39024,38390,44065,22557,21508,16869,8656,8213
12,ARUNACHAL PRADESH,Rural,10-14,140026,70980,69046,31824,15909,15915,59861,30239,29622,48341,24832,23509
12,ARUNACHAL PRADESH,Rural,15-19,116064,58961,57103,19493,9517,9976,43796,22161,21635,52775,27283,25492
12,ARUNACHAL PRADESH,Rural,20-24,97891,49023,48868,18017,8017,10000,38362,18946,19416,41512,22060,19452
12,ARUNACHAL PRADESH,Rural,25-29,90931,45974,44957,18496,7573,10923,36993,18346,18647,35442,20055,15387
12,ARUNACHAL PRADESH,Rural,30-49,248963,128928,120035,69813,26497,43316,101470,52245,49225,77680,50186,27494
12,ARUNACHAL PRADESH,Rural,50-69,96416,51863,44553,44687,18567,26120,34505,20173,14332,17224,13123,4101
12,ARUNACHAL PRADESH,Rural,70+,20753,10791,9962,11677,5147,6530,6737,4000,2737,2339,1644,695
12,ARUNACHAL PRADESH,Rural,Total,1066358,546011,520347,407694,189104,218590,366150,188857,177293,292514,168050,124464
12,ARUNACHAL PRADESH,Rural,Age not stated,1193,661,532,500,260,240,361,190,171,332,211,121
12,ARUNACHAL PRADESH,Total,5-9,171123,86699,84424,91951,46443,45508,56806,28793,28013,22366,11463,10903
12,ARUNACHAL PRADESH,Total,10-14,179359,90439,88920,39574,19742,19832,75106,37731,37375,64679,32966,31713
12,ARUNACHAL PRADESH,Total,15-19,155968,78673,77295,25872,12826,13046,55872,28042,27830,74224,37805,36419
12,ARUNACHAL PRADESH,Total,20-24,131696,66033,65663,23839,11225,12614,49050,24324,24726,58807,30484,28323
12,ARUNACHAL PRADESH,Total,25-29,123714,63366,60348,24417,10937,13480,48192,24309,23883,51105,28120,22985
12,ARUNACHAL PRADESH,Total,30-49,337844,178707,159137,86616,35135,51481,132626,69253,63373,118602,74319,44283
12,ARUNACHAL PRADESH,Total,50-69,116414,64617,51797,49543,20915,28628,41568,24547,17021,25303,19155,6148
12,ARUNACHAL PRADESH,Total,70+,23221,12055,11166,12455,5471,6984,7707,4488,3219,3059,2096,963
12,ARUNACHAL PRADESH,Total,Total,1383727,713912,669815,497782,235499,262283,467394,241747,225647,418551,236666,181885
12,ARUNACHAL PRADESH,Total,Age not stated,1509,859,650,636,341,295,467,260,207,406,258,148
12,ARUNACHAL PRADESH,Urban,5-9,32775,16462,16313,14537,7419,7118,12741,6236,6505,5497,2807,2690
12,ARUNACHAL PRADESH,Urban,10-14,39333,19459,19874,7750,3833,3917,15245,7492,7753,16338,8134,8204
12,ARUNACHAL PRADESH,Urban,15-19,39904,19712,20192,6379,3309,3070,12076,5881,6195,21449,10522,10927
12,ARUNACHAL PRADESH,Urban,20-24,33805,17010,16795,5822,3208,2614,10688,5378,5310,17295,8424,8871
12,ARUNACHAL PRADESH,Urban,25-29,32783,17392,15391,5921,3364,2557,11199,5963,5236,15663,8065,7598
12,ARUNACHAL PRADESH,Urban,30-49,88881,49779,39102,16803,8638,8165,31156,17008,14148,40922,24133,16789
12,ARUNACHAL PRADESH,Urban,50-69,19998,12754,7244,4856,2348,2508,7063,4374,2689,8079,6032,2047
12,ARUNACHAL PRADESH,Urban,70+,2468,1264,1204,778,324,454,970,488,482,720,452,268
12,ARUNACHAL PRADESH,Urban,Total,317369,167901,149468,90088,46395,43693,101244,52890,48354,126037,68616,57421
12,ARUNACHAL PRADESH,Urban,Age not stated,316,198,118,136,81,55,106,70,36,74,47,27
13,NAGALAND,Rural,5-9,173624,90120,83504,127111,66057,61054,36703,19004,17699,9810,5059,4751
13,NAGALAND,Rural,10-14,181149,94658,86491,69661,36361,33300,74292,38808,35484,37196,19489,17707
13,NAGALAND,Rural,15-19,161926,83359,78567,38044,19368,18676,70358,36145,34213,53524,27846,25678
13,NAGALAND,Rural,20-24,139581,70944,68637,30512,14727,15785,60673,30219,30454,48396,25998,22398
13,NAGALAND,Rural,25-29,117131,58588,58543,25930,11453,14477,52514,25400,27114,38687,21735,16952
13,NAGALAND,Rural,30-49,325036,165704,159332,88309,34764,53545,146786,73744,73042,89941,57196,32745
13,NAGALAND,Rural,50-69,126409,67102,59307,53752,20420,33332,48195,27985,20210,24462,18697,5765
13,NAGALAND,Rural,70+,34145,18284,15861,20688,8684,12004,9480,6327,3153,3977,3273,704
13,NAGALAND,Rural,Total,1407536,725472,682064,601992,288225,313767,499358,257829,241529,306186,179418,126768
13,NAGALAND,Rural,Age not stated,1274,732,542,724,410,314,357,197,160,193,125,68
13,NAGALAND,Total,5-9,233099,120647,112452,156541,81193,75348,56374,29099,27275,20184,10355,9829
13,NAGALAND,Total,10-14,248671,129237,119434,81389,42476,38913,102006,53050,48956,65276,33711,31565
13,NAGALAND,Total,15-19,229622,117994,111628,45624,23353,22271,95074,48626,46448,88924,46015,42909
13,NAGALAND,Total,20-24,204363,103769,100594,38042,18708,19334,83881,41878,42003,82440,43183,39257
13,NAGALAND,Total,25-29,176901,89598,87303,33743,15555,18188,74134,36238,37896,69024,37805,31219
13,NAGALAND,Total,30-49,475130,246610,228520,110872,46481,64391,202491,101345,101146,161767,98784,62983
13,NAGALAND,Total,50-69,170019,92359,77660,61444,23828,37616,65393,36979,28414,43182,31552,11630
13,NAGALAND,Total,70+,41964,22295,19669,23047,9407,13640,12484,7868,4616,6433,5020,1413
13,NAGALAND,Total,Total,1978502,1024649,953853,748779,362750,386029,692242,355306,336936,537481,306593,230888
13,NAGALAND,Total,Age not stated,1471,849,622,815,458,357,405,223,182,251,168,83
13,NAGALAND,Urban,5-9,59475,30527,28948,29430,15136,14294,19671,10095,9576,10374,5296,5078
13,NAGALAND,Urban,10-14,67522,34579,32943,11728,6115,5613,27714,14242,13472,28080,14222,13858
13,NAGALAND,Urban,15-19,67696,34635,33061,7580,3985,3595,24716,12481,12235,35400,18169,17231
13,NAGALAND,Urban,20-24,64782,32825,31957,7530,3981,3549,23208,11659,11549,34044,17185,16859
13,NAGALAND,Urban,25-29,59770,31010,28760,7813,4102,3711,21620,10838,10782,30337,16070,14267
13,NAGALAND,Urban,30-49,150094,80906,69188,22563,11717,10846,55705,27601,28104,71826,41588,30238
13,NAGALAND,Urban,50-69,43610,25257,18353,7692,3408,4284,17198,8994,8204,18720,12855,5865
13,NAGALAND,Urban,70+,7819,4011,3808,2359,723,1636,3004,1541,1463,2456,1747,709
13,NAGALAND,Urban,Total,570966,299177,271789,146787,74525,72262,192884,97477,95407,231295,127175,104120
13,NAGALAND,Urban,Age not stated,197,117,80,91,48,43,48,26,22,58,43,15
14,MANIPUR,Rural,5-9,215420,111112,104308,174574,90001,84573,32620,16880,15740,8226,4231,3995
14,MANIPUR,Rural,10-14,230842,119214,111628,126012,64813,61199,73102,37793,35309,31728,16608,15120
14,MANIPUR,Rural,15-19,213039,107906,105133,81166,39880,41286,77513,39456,38057,54360,28570,25790
14,MANIPUR,Rural,20-24,204739,102223,102516,74904,34576,40328,72106,36186,35920,57729,31461,26268
14,MANIPUR,Rural,25-29,188887,93626,95261,69732,30314,39418,66617,33667,32950,52538,29645,22893
14,MANIPUR,Rural,30-49,504855,253884,250971,203317,83326,119991,175970,92365,83605,125568,78193,47375
14,MANIPUR,Rural,50-69,219415,112212,107203,111172,44048,67124,68996,39791,29205,39247,28373,10874
14,MANIPUR,Rural,70+,52386,26470,25916,33152,13931,19221,13409,8210,5199,5825,4329,1496
14,MANIPUR,Rural,Total,2021640,1026884,994756,1063762,499802,563960,581795,305155,276640,376083,221927,154156
14,MANIPUR,Rural,Age not stated,5652,3143,2509,3328,1819,1509,1462,807,655,862,517,345
14,MANIPUR,Total,5-9,291243,149766,141477,237004,121914,115090,42390,21781,20609,11849,6071,5778
14,MANIPUR,Total,10-14,313763,161146,152617,170530,87394,83136,95702,49204,46498,47531,24548,22983
14,MANIPUR,Total,15-19,287008,144495,142513,106562,51926,54636,100065,50820,49245,80381,41749,38632
14,MANIPUR,Total,20-24,281782,139587,142195,99553,45528,54025,93518,46739,46779,88711,47320,41391
14,MANIPUR,Total,25-29,270477,132888,137589,95696,41118,54578,89139,45007,44132,85642,46763,38879
14,MANIPUR,Total,30-49,737266,367510,369756,282149,113228,168921,238441,124836,113605,216676,129446,87230
14,MANIPUR,Total,50-69,328321,165792,162529,161649,60902,100747,92737,53529,39208,73935,51361,22574
14,MANIPUR,Total,70+,81475,40010,41465,52947,20785,32162,17755,11022,6733,10773,8203,2570
14,MANIPUR,Total,Total,2855794,1438586,1417208,1467174,678299,788875,771802,404042,367760,616818,356245,260573
14,MANIPUR,Total,Age not stated,7777,4232,3545,4402,2344,2058,2055,1104,951,1320,784,536
14,MANIPUR,Urban,5-9,75823,38654,37169,62430,31913,30517,9770,4901,4869,3623,1840,1783
14,MANIPUR,Urban,10-14,82921,41932,40989,44518,22581,21937,22600,11411,11189,15803,7940,7863
14,MANIPUR,Urban,15-19,73969,36589,37380,25396,12046,13350,22552,11364,11188,26021,13179,12842
14,MANIPUR,Urban,20-24,77043,37364,39679,24649,10952,13697,21412,10553,10859,30982,15859,15123
14,MANIPUR,Urban,25-29,81590,39262,42328,25964,10804,15160,22522,11340,11182,33104,17118,15986
14,MANIPUR,Urban,30-49,232411,113626,118785,78832,29902,48930,62471,32471,30000,91108,51253,39855
14,MANIPUR,Urban,50-69,108906,53580,55326,50477,16854,33623,23741,13738,10003,34688,22988,11700
14,MANIPUR,Urban,70+,29089,13540,15549,19795,6854,12941,4346,2812,1534,4948,3874,1074
14,MANIPUR,Urban,Total,834154,411702,422452,403412,178497,224915,190007,98887,91120,240735,134318,106417
14,MANIPUR,Urban,Age not stated,2125,1089,1036,1074,525,549,593,297,296,458,267,191
15,MIZORAM,Rural,5-9,64896,33073,31823,57648,29317,28331,6977,3611,3366,271,145,126
15,MIZORAM,Rural,10-14,60088,30836,29252,45884,23443,22441,12615,6479,6136,1589,914,675
15,MIZORAM,Rural,15-19,50257,26000,24257,33854,17164,16690,13918,7252,6666,2485,1584,901
15,MIZORAM,Rural,20-24,50969,25314,25655,33904,16048,17856,14203,7459,6744,2862,1807,1055
15,MIZORAM,Rural,25-29,46384,23442,22942,31047,14688,16359,12769,7014,5755,2568,1740,828
15,MIZORAM,Rural,30-49,118232,61170,57062,81207,38133,43074,31040,18492,12548,5985,4545,1440
15,MIZORAM,Rural,50-69,54475,28523,25952,41042,19465,21577,11394,7340,4054,2039,1718,321
15,MIZORAM,Rural,70+,12882,6546,6336,10445,4940,5505,2131,1352,779,306,254,52
15,MIZORAM,Rural,Total,525435,269135,256300,402226,197391,204835,105092,59030,46062,18117,12714,5403
15,MIZORAM,Rural,Age not stated,280,154,126,223,116,107,45,31,14,12,7,5
15,MIZORAM,Total,5-9,117788,59888,57900,105646,53617,52029,11485,5930,5555,657,341,316
15,MIZORAM,Total,10-14,116981,59526,57455,88535,45017,43518,25435,12848,12587,3011,1661,1350
15,MIZORAM,Total,15-19,110343,55907,54436,66791,33721,33070,37931,19036,18895,5621,3150,2471
15,MIZORAM,Total,20-24,111708,55512,56196,65933,31631,34302,38313,19570,18743,7462,4311,3151
15,MIZORAM,Total,25-29,102346,51390,50956,61949,29578,32371,32992,17276,15716,7405,4536,2869
15,MIZORAM,Total,30-49,272113,138156,133957,171890,79118,92772,80031,45083,34948,20192,13955,6237
15,MIZORAM,Total,50-69,116083,59166,56917,82976,36931,46045,25763,16516,9247,7344,5719,1625
15,MIZORAM,Total,70+,27978,13874,14104,22074,9757,12317,4657,3090,1567,1247,1027,220
15,MIZORAM,Total,Total,1097206,555339,541867,787503,381175,406328,256737,139450,117287,52966,34714,18252
15,MIZORAM,Total,Age not stated,633,379,254,476,264,212,130,101,29,27,14,13
15,MIZORAM,Urban,5-9,52892,26815,26077,47998,24300,23698,4508,2319,2189,386,196,190
15,MIZORAM,Urban,10-14,56893,28690,28203,42651,21574,21077,12820,6369,6451,1422,747,675
15,MIZORAM,Urban,15-19,60086,29907,30179,32937,16557,16380,24013,11784,12229,3136,1566,1570
15,MIZORAM,Urban,20-24,60739,30198,30541,32029,15583,16446,24110,12111,11999,4600,2504,2096
15,MIZORAM,Urban,25-29,55962,27948,28014,30902,14890,16012,20223,10262,9961,4837,2796,2041
15,MIZORAM,Urban,30-49,153881,76986,76895,90683,40985,49698,48991,26591,22400,14207,9410,4797
15,MIZORAM,Urban,50-69,61608,30643,30965,41934,17466,24468,14369,9176,5193,5305,4001,1304
15,MIZORAM,Urban,70+,15096,7328,7768,11629,4817,6812,2526,1738,788,941,773,168
15,MIZORAM,Urban,Total,571771,286204,285567,385277,183784,201493,151645,80420,71225,34849,22000,12849
15,MIZORAM,Urban,Age not stated,353,225,128,253,148,105,85,70,15,15,7,8
16,TRIPURA,Rural,5-9,266430,136049,130381,207050,105556,101494,57078,29277,27801,2302,1216,1086
16,TRIPURA,Rural,10-14,282994,144904,138090,165721,84224,81497,108650,56126,52524,8623,4554,4069
16,TRIPURA,Rural,15-19,274888,139377,135511,147278,73547,73731,111680,56735,54945,15930,9095,6835
16,TRIPURA,Rural,20-24,280876,138466,142410,149738,70385,79353,111813,55997,55816,19325,12084,7241
16,TRIPURA,Rural,25-29,252860,129389,123471,135719,64355,71364,100439,53528,46911,16702,11506,5196
16,TRIPURA,Rural,30-49,704349,367645,336704,399984,190038,209946,266919,149769,117150,37446,27838,9608
16,TRIPURA,Rural,50-69,302970,157055,145915,189368,88027,101341,103987,61426,42561,9615,7602,2013
16,TRIPURA,Rural,70+,88042,42336,45706,60117,25194,34923,26431,15969,10462,1494,1173,321
16,TRIPURA,Rural,Total,2712464,1387173,1325291,1713723,833099,880624,887268,478980,408288,111473,75094,36379
16,TRIPURA,Rural,Age not stated,1035,568,467,728,389,339,271,153,118,36,26,10
16,TRIPURA,Total,5-9,337735,172541,165194,271721,138637,133084,62445,32029,30416,3569,1875,1694
16,TRIPURA,Total,10-14,357690,183001,174689,224585,114270,110315,120299,62014,58285,12806,6717,6089
16,TRIPURA,Total,15-19,357829,181136,176693,203422,101294,102128,130297,66389,63908,24110,13453,10657
16,TRIPURA,Total,20-24,373177,183779,189398,209086,97949,111137,133448,67594,65854,30643,18236,12407
16,TRIPURA,Total,25-29,344149,175059,169090,195086,91816,103270,121764,65590,56174,27299,17653,9646
16,TRIPURA,Total,30-49,1010551,523092,487459,602137,282519,319618,337269,191339,145930,71145,49234,21911
16,TRIPURA,Total,50-69,446669,233131,213538,287338,133248,154090,133506,80442,53064,25825,19441,6384
16,TRIPURA,Total,70+,121935,57265,64670,88160,36004,52156,30658,18767,11891,3117,2494,623
16,TRIPURA,Total,Total,3673917,1874376,1799541,2405316,1160877,1244439,1070024,584356,485668,198577,129143,69434
16,TRIPURA,Total,Age not stated,1616,867,749,1215,635,580,338,192,146,63,40,23
16,TRIPURA,Urban,5-9,71305,36492,34813,64671,33081,31590,5367,2752,2615,1267,659,608
16,TRIPURA,Urban,10-14,74696,38097,36599,58864,30046,28818,11649,5888,5761,4183,2163,2020
16,TRIPURA,Urban,15-19,82941,41759,41182,56144,27747,28397,18617,9654,8963,8180,4358,3822
16,TRIPURA,Urban,20-24,92301,45313,46988,59348,27564,31784,21635,11597,10038,11318,6152,5166
16,TRIPURA,Urban,25-29,91289,45670,45619,59367,27461,31906,21325,12062,9263,10597,6147,4450
16,TRIPURA,Urban,30-49,306202,155447,150755,202153,92481,109672,70350,41570,28780,33699,21396,12303
16,TRIPURA,Urban,50-69,143699,76076,67623,97970,45221,52749,29519,19016,10503,16210,11839,4371
16,TRIPURA,Urban,70+,33893,14929,18964,28043,10810,17233,4227,2798,1429,1623,1321,302
16,TRIPURA,Urban,Total,961453,487203,474250,691593,327778,363815,182756,105376,77380,87104,54049,33055
16,TRIPURA,Urban,Age not stated,581,299,282,487,246,241,67,39,28,27,14,13
17,MEGHALAYA,Rural,5-9,331758,168347,163411,310483,157768,152715,19035,9451,9584,2240,1128,1112
17,MEGHALAYA,Rural,10-14,315360,159784,155576,260901,133159,127742,45062,21815,23247,9397,4810,4587
17,MEGHALAYA,Rural,15-19,254132,129138,124994,181078,92938,88140,55502,26738,28764,17552,9462,8090
17,MEGHALAYA,Rural,20-24,217643,105372,112271,150338,71193,79145,48640,23574,25066,18665,10605,8060
17,MEGHALAYA,Rural,25-29,191850,94964,96886,132798,62237,70561,41644,21858,19786,17408,10869,6539
17,MEGHALAYA,Rural,30-49,481432,243452,237980,338521,157059,181462,100313,56946,43367,42598,29447,13151
17,MEGHALAYA,Rural,50-69,182185,93423,88762,135940,63051,72889,33065,20364,12701,13180,10008,3172
17,MEGHALAYA,Rural,70+,40835,19348,21487,32343,13966,18377,6409,3809,2600,2083,1573,510
17,MEGHALAYA,Rural,Total,2371439,1194260,1177179,1897741,931254,966487,350395,184976,165419,123303,78030,45273
17,MEGHALAYA,Rural,Age not stated,4781,2601,2180,3876,2052,1824,725,421,304,180,128,52
17,MEGHALAYA,Total,5-9,389182,197585,191597,353532,179852,173680,29721,14733,14988,5929,3000,2929
17,MEGHALAYA,Total,10-14,382606,193473,189133,291259,148604,142655,68975,33621,35354,22372,11248,11124
17,MEGHALAYA,Total,15-19,326188,164716,161472,201942,103397,98545,85926,41391,44535,38320,19928,18392
17,MEGHALAYA,Total,20-24,285012,139140,145872,167556,79829,87727,76843,37410,39433,40613,21901,18712
17,MEGHALAYA,Total,25-29,251281,124676,126605,148937,69961,78976,65054,33320,31734,37290,21395,15895
17,MEGHALAYA,Total,30-49,632928,319526,313402,380958,176072,204886,157901,84765,73136,94069,58689,35380
17,MEGHALAYA,Total,50-69,235334,119505,115829,152678,69495,83183,51633,28986,22647,31023,21024,9999
17,MEGHALAYA,Total,70+,52420,24036,28384,37344,15470,21874,10220,5367,4853,4856,3199,1657
17,MEGHALAYA,Total,Total,2966889,1491832,1475057,2144569,1050752,1093817,547389,280331,267058,274931,160749,114182
17,MEGHALAYA,Total,Age not stated,5784,3329,2455,4209,2226,1983,1116,738,378,459,365,94
17,MEGHALAYA,Urban,5-9,57424,29238,28186,43049,22084,20965,10686,5282,5404,3689,1872,1817
17,MEGHALAYA,Urban,10-14,67246,33689,33557,30358,15445,14913,23913,11806,12107,12975,6438,6537
17,MEGHALAYA,Urban,15-19,72056,35578,36478,20864,10459,10405,30424,14653,15771,20768,10466,10302
17,MEGHALAYA,Urban,20-24,67369,33768,33601,17218,8636,8582,28203,13836,14367,21948,11296,10652
17,MEGHALAYA,Urban,25-29,59431,29712,29719,16139,7724,8415,23410,11462,11948,19882,10526,9356
17,MEGHALAYA,Urban,30-49,151496,76074,75422,42437,19013,23424,57588,27819,29769,51471,29242,22229
17,MEGHALAYA,Urban,50-69,53149,26082,27067,16738,6444,10294,18568,8622,9946,17843,11016,6827
17,MEGHALAYA,Urban,70+,11585,4688,6897,5001,1504,3497,3811,1558,2253,2773,1626,1147
17,MEGHALAYA,Urban,Total,595450,297572,297878,246828,119498,127330,196994,95355,101639,151628,82719,68909
17,MEGHALAYA,Urban,Age not stated,1003,728,275,333,174,159,391,317,74,279,237,42
18,ASSAM,Rural,5-9,3191197,1624618,1566579,2360291,1203185,1157106,780948,395541,385407,49958,25892,24066
18,ASSAM,Rural,10-14,3099766,1587764,1512002,1610277,824762,785515,1229446,630074,599372,260043,132928,127115
18,ASSAM,Rural,15-19,2664091,1388492,1275599,1162578,589400,573178,1055231,558160,497071,446282,240932,205350
18,ASSAM,Rural,20-24,2477603,1203111,1274492,1057442,476470,580972,976651,478753,497898,443510,247888,195622
18,ASSAM,Rural,25-29,2386510,1183063,1203447,1028935,453588,575347,956924,489540,467384,400651,239935,160716
18,ASSAM,Rural,30-49,6647273,3433653,3213620,3048322,1343081,1705241,2588019,1414227,1173792,1010932,676345,334587
18,ASSAM,Rural,50-69,2749236,1430712,1318524,1447128,626491,820637,995234,572071,423163,306874,232150,74724
18,ASSAM,Rural,70+,676029,345112,330917,400056,175865,224191,226125,130449,95676,49848,38798,11050
18,ASSAM,Rural,Total,26807034,13678989,13128045,15025176,7172503,7852673,8812485,4670814,4141671,2969373,1835672,1133701
18,ASSAM,Rural,Age not stated,15019,7852,7167,9837,5049,4788,3907,1999,1908,1275,804,471
18,ASSAM,Total,5-9,3544339,1806346,1737993,2610881,1332109,1278772,857773,435079,422694,75685,39158,36527
18,ASSAM,Total,10-14,3491727,1789381,1702346,1781744,912829,868915,1363349,699125,664224,346634,177427,169207
18,ASSAM,Total,15-19,3068581,1595489,1473092,1289190,652519,636671,1190438,627942,562496,588953,315028,273925
18,ASSAM,Total,20-24,2909405,1415580,1493825,1179742,531722,648020,1116779,547813,568966,612884,336045,276839
18,ASSAM,Total,25-29,2815147,1393042,1422105,1150629,505481,645148,1099180,560424,538756,565338,327137,238201
18,ASSAM,Total,30-49,8016988,4139470,3877518,3429147,1497516,1931631,3040907,1650377,1390530,1546934,991577,555357
18,ASSAM,Total,50-69,3328528,1749038,1579490,1626451,693742,932709,1172486,670266,502220,529591,385030,144561
18,ASSAM,Total,70+,799204,406281,392923,452811,193272,259539,262178,149510,112668,84215,63499,20716
18,ASSAM,Total,Total,31205576,15939443,15266133,16744985,7960039,8784946,10108094,5343117,4764977,4352497,2636287,1716210
18,ASSAM,Total,Age not stated,18824,9894,8930,11557,5927,5630,5004,2581,2423,2263,1386,877
18,ASSAM,Urban,5-9,353142,181728,171414,250590,128924,121666,76825,39538,37287,25727,13266,12461
18,ASSAM,Urban,10-14,391961,201617,190344,171467,88067,83400,133903,69051,64852,86591,44499,42092
18,ASSAM,Urban,15-19,404490,206997,197493,126612,63119,63493,135207,69782,65425,142671,74096,68575
18,ASSAM,Urban,20-24,431802,212469,219333,122300,55252,67048,140128,69060,71068,169374,88157,81217
18,ASSAM,Urban,25-29,428637,209979,218658,121694,51893,69801,142256,70884,71372,164687,87202,77485
18,ASSAM,Urban,30-49,1369715,705817,663898,380825,154435,226390,452888,236150,216738,536002,315232,220770
18,ASSAM,Urban,50-69,579292,318326,260966,179323,67251,112072,177252,98195,79057,222717,152880,69837
18,ASSAM,Urban,70+,123175,61169,62006,52755,17407,35348,36053,19061,16992,34367,24701,9666
18,ASSAM,Urban,Total,4398542,2260454,2138088,1719809,787536,932273,1295609,672303,623306,1383124,800615,582509
18,ASSAM,Urban,Age not stated,3805,2042,1763,1720,878,842,1097,582,515,988,582,406
19,WEST BENGAL,Rural,5-9,6048643,3085358,2963285,5696704,2905664,2791040,341706,174307,167399,10233,5387,4846
19,WEST BENGAL,Rural,10-14,6677094,3401028,3276066,5985100,3046561,2938539,651166,333025,318141,40828,21442,19386
19,WEST BENGAL,Rural,15-19,6442695,3359604,3083091,5490916,2842406,2648510,858848,464959,393889,92931,52239,40692
19,WEST BENGAL,Rural,20-24,6042721,3062672,2980049,5097452,2520062,2577390,837251,475201,362050,108018,67409,40609
19,WEST BENGAL,Rural,25-29,5354996,2723495,2631501,4550995,2242923,2308072,712638,419549,293089,91363,61023,30340
19,WEST BENGAL,Rural,30-49,16496179,8469391,8026788,14330246,7129485,7200761,1945646,1180959,764687,220287,158947,61340
19,WEST BENGAL,Rural,50-69,7769642,4062902,3706740,6872299,3479985,3392314,810332,512615,297717,87011,70302,16709
19,WEST BENGAL,Rural,70+,1869819,883964,985855,1714609,786284,928325,142354,86963,55391,12856,10717,2139
19,WEST BENGAL,Rural,Total,62183113,31844945,30338168,55214526,27746724,27467802,6304512,3650345,2654167,664075,447876,216199
19,WEST BENGAL,Rural,Age not stated,48381,26367,22014,43262,23190,20072,4571,2767,1804,548,410,138
19,WEST BENGAL,Total,5-9,8247809,4216763,4031046,7663831,3915582,3748249,542011,279040,262971,41967,22141,19826
19,WEST BENGAL,Total,10-14,9156523,4677506,4479017,7949476,4054743,3894733,1061955,546845,515110,145092,75918,69174
19,WEST BENGAL,Total,15-19,9058031,4702325,4355706,7316801,3768250,3548551,1448086,776437,671649,293144,157638,135506
19,WEST BENGAL,Total,20-24,8758322,4422630,4335692,6880220,3379620,3500600,1501859,830857,671002,376243,212153,164090
19,WEST BENGAL,Total,25-29,7997909,4044904,3953005,6294642,3073578,3221064,1352756,767001,585755,350511,204325,146186
19,WEST BENGAL,Total,30-49,25343015,13021836,12321179,20293386,9987087,10306299,4029688,2390414,1639274,1019941,644335,375606
19,WEST BENGAL,Total,50-69,12254977,6461816,5793161,9870526,4906274,4964252,1838162,1164849,673313,546289,390693,155596
19,WEST BENGAL,Total,70+,3013935,1453633,1560302,2554895,1144940,1409955,355661,229210,126451,103379,79483,23896
19,WEST BENGAL,Total,Total,91276115,46809027,44467088,76250267,38026689,38223578,12144843,6992983,5151860,2881005,1789355,1091650
19,WEST BENGAL,Total,Age not stated,112451,63752,48699,93347,52753,40594,14665,8330,6335,4439,2669,1770
19,WEST BENGAL,Urban,5-9,2199166,1131405,1067761,1967127,1009918,957209,200305,104733,95572,31734,16754,14980
19,WEST BENGAL,Urban,10-14,2479429,1276478,1202951,1964376,1008182,956194,410789,213820,196969,104264,54476,49788
19,WEST BENGAL,Urban,15-19,2615336,1342721,1272615,1825885,925844,900041,589238,311478,277760,200213,105399,94814
19,WEST BENGAL,Urban,20-24,2715601,1359958,1355643,1782768,859558,923210,664608,355656,308952,268225,144744,123481
19,WEST BENGAL,Urban,25-29,2642913,1321409,1321504,1743647,830655,912992,640118,347452,292666,259148,143302,115846
19,WEST BENGAL,Urban,30-49,8846836,4552445,4294391,5963140,2857602,3105538,2084042,1209455,874587,799654,485388,314266
19,WEST BENGAL,Urban,50-69,4485335,2398914,2086421,2998227,1426289,1571938,1027830,652234,375596,459278,320391,138887
19,WEST BENGAL,Urban,70+,1144116,569669,574447,840286,358656,481630,213307,142247,71060,90523,68766,21757
19,WEST BENGAL,Urban,Total,29093002,14964082,14128920,21035741,10279965,10755776,5840331,3342638,2497693,2216930,1341479,875451
19,WEST BENGAL,Urban,Age not stated,64070,37385,26685,50085,29563,20522,10094,5563,4531,3891,2259,1632
20,JHARKHAND,Rural,5-9,3332668,1695581,1637087,2685321,1365806,1319515,608605,309679,298926,38742,20096,18646
20,JHARKHAND,Rural,10-14,3237192,1662046,1575146,2112987,1081777,1031210,999730,514387,485343,124475,65882,58593
20,JHARKHAND,Rural,15-19,2359367,1268321,1091046,1473793,784705,689088,741093,400149,340944,144481,83467,61014
20,JHARKHAND,Rural,20-24,2052259,1031084,1021175,1317089,633733,683356,614347,323867,290480,120823,73484,47339
20,JHARKHAND,Rural,25-29,1942429,976894,965535,1273869,604852,669017,565607,306435,259172,102953,65607,37346
20,JHARKHAND,Rural,30-49,5702433,2906370,2796063,3799561,1815667,1983894,1626548,901664,724884,276324,189039,87285
20,JHARKHAND,Rural,50-69,2824196,1397830,1426366,1965825,907693,1058132,752026,413600,338426,106345,76537,29808
20,JHARKHAND,Rural,70+,590860,298782,292078,443171,214331,228840,131813,72884,58929,15876,11567,4309
20,JHARKHAND,Rural,Total,25055073,12776486,12278587,18066722,8938070,9128652,6056149,3251399,2804750,932202,587017,345185
20,JHARKHAND,Rural,Age not stated,56964,30125,26839,38401,20053,18348,16380,8734,7646,2183,1338,845
20,JHARKHAND,Total,5-9,4138425,2117879,2020546,3295933,1686194,1609739,783624,401095,382529,58868,30590,28278
20,JHARKHAND,Total,10-14,4104396,2112627,1991769,2641748,1357476,1284272,1281587,660076,621511,181061,95075,85986
20,JHARKHAND,Total,15-19,3205268,1714887,1490381,1936301,1030481,905820,1036533,555312,481221,232434,129094,103340
20,JHARKHAND,Total,20-24,2827622,1431263,1396359,1727403,843600,883803,891681,468239,423442,208538,119424,89114
20,JHARKHAND,Total,25-29,2652639,1342314,1310325,1658869,797985,860884,815299,437656,377643,178471,106673,71798
20,JHARKHAND,Total,30-49,7766660,3987928,3778732,4949394,2392146,2557248,2328150,1281715,1046435,489116,314067,175049
20,JHARKHAND,Total,50-69,3764294,1900703,1863591,2505562,1172646,1332916,1052291,583828,468463,206441,144229,62212
20,JHARKHAND,Total,70+,763799,389328,374471,546450,263712,282738,185559,102537,83022,31790,23079,8711
20,JHARKHAND,Total,Total,32988134,16930315,16057819,22987414,11456101,11531313,8407681,4508254,3899427,1593039,965960,627079
20,JHARKHAND,Total,Age not stated,116734,62252,54482,77457,40727,36730,32957,17796,15161,6320,3729,2591
20,JHARKHAND,Urban,5-9,805757,422298,383459,610612,320388,290224,175019,91416,83603,20126,10494,9632
20,JHARKHAND,Urban,10-14,867204,450581,416623,528761,275699,253062,281857,145689,136168,56586,29193,27393
20,JHARKHAND,Urban,15-19,845901,446566,399335,462508,245776,216732,295440,155163,140277,87953,45627,42326
20,JHARKHAND,Urban,20-24,775363,400179,375184,410314,209867,200447,277334,144372,132962,87715,45940,41775
20,JHARKHAND,Urban,25-29,710210,365420,344790,385000,193133,191867,249692,131221,118471,75518,41066,34452
20,JHARKHAND,Urban,30-49,2064227,1081558,982669,1149833,576479,573354,701602,380051,321551,212792,125028,87764
20,JHARKHAND,Urban,50-69,940098,502873,437225,539737,264953,274784,300265,170228,130037,100096,67692,32404
20,JHARKHAND,Urban,70+,172939,90546,82393,103279,49381,53898,53746,29653,24093,15914,11512,4402
20,JHARKHAND,Urban,Total,7933061,4153829,3779232,4920692,2518031,2402661,2351532,1256855,1094677,660837,378943,281894
20,JHARKHAND,Urban,Age not stated,59770,32127,27643,39056,20674,18382,16577,9062,7515,4137,2391,1746
21,ODISHA,Rural,5-9,3494942,1782516,1712426,2975603,1519929,1455674,481394,242704,238690,37945,19883,18062
21,ODISHA,Rural,10-14,3705396,1872543,1832853,2467026,1242123,1224903,935161,475668,459493,303209,154752,148457
21,ODISHA,Rural,15-19,3240171,1616989,1623182,1809216,868263,940953,842914,433391,409523,588041,315335,272706
21,ODISHA,Rural,20-24,3078847,1513663,1565184,1754677,795585,959092,785941,408549,377392,538229,309529,228700
21,ODISHA,Rural,25-29,2918990,1446384,1472606,1717403,764435,952968,725770,392772,332998,475817,289177,186640
21,ODISHA,Rural,30-49,9109492,4598916,4510576,6096914,2745271,3351643,1936574,1111068,825506,1076004,742577,333427
21,ODISHA,Rural,50-69,4872806,2435911,2436895,3779510,1723074,2056436,798481,477372,321109,294815,235465,59350
21,ODISHA,Rural,70+,1318539,662245,656294,1133009,544571,588438,146519,86457,60062,39011,31217,7794
21,ODISHA,Rural,Total,34970562,17586203,17384359,24939169,11845758,13093411,6670328,3637510,3032818,3361065,2102935,1258130
21,ODISHA,Rural,Age not stated,95210,48470,46740,69642,33941,35701,17574,9529,8045,7994,5000,2994
21,ODISHA,Total,5-9,4074768,2085339,1989429,3415900,1749302,1666598,577215,292667,284548,81653,43370,38283
21,ODISHA,Total,10-14,4348625,2203535,2145090,2770858,1398639,1372219,1116319,568897,547422,461448,235999,225449
21,ODISHA,Total,15-19,3925398,1972684,1952714,2021950,975880,1046070,1027699,531376,496323,875749,465428,410321
21,ODISHA,Total,20-24,3783527,1870939,1912588,1972123,897284,1074839,978082,507528,470554,833322,466127,367195
21,ODISHA,Total,25-29,3574037,1772876,1801161,1932634,859214,1073420,902707,483814,418893,738696,429848,308848
21,ODISHA,Total,30-49,11179683,5671204,5508479,6844134,3061638,3782496,2473756,1400171,1073585,1861793,1209395,652398
21,ODISHA,Total,50-69,5785118,2927299,2857819,4195115,1890208,2304907,1012434,599147,413287,577569,437944,139625
21,ODISHA,Total,70+,1530862,768786,762076,1263171,596894,666277,187823,109935,77888,79868,61957,17911
21,ODISHA,Total,Total,41974218,21212136,20762082,28149194,13346538,14802656,8299746,4506387,3793359,5525278,3359211,2166067
21,ODISHA,Total,Age not stated,119171,61347,57824,80280,39352,40928,23711,12852,10859,15180,9143,6037
21,ODISHA,Urban,5-9,579826,302823,277003,440297,229373,210924,95821,49963,45858,43708,23487,20221
21,ODISHA,Urban,10-14,643229,330992,312237,303832,156516,147316,181158,93229,87929,158239,81247,76992
21,ODISHA,Urban,15-19,685227,355695,329532,212734,107617,105117,184785,97985,86800,287708,150093,137615
21,ODISHA,Urban,20-24,704680,357276,347404,217446,101699,115747,192141,98979,93162,295093,156598,138495
21,ODISHA,Urban,25-29,655047,326492,328555,215231,94779,120452,176937,91042,85895,262879,140671,122208
21,ODISHA,Urban,30-49,2070191,1072288,997903,747220,316367,430853,537182,289103,248079,785789,466818,318971
21,ODISHA,Urban,50-69,912312,491388,420924,415605,167134,248471,213953,121775,92178,282754,202479,80275
21,ODISHA,Urban,70+,212323,106541,105782,130162,52323,77839,41304,23478,17826,40857,30740,10117
21,ODISHA,Urban,Total,7003656,3625933,3377723,3210025,1500780,1709245,1629418,868877,760541,2164213,1256276,907937
21,ODISHA,Urban,Age not stated,23961,12877,11084,10638,5411,5227,6137,3323,2814,7186,4143,3043
22,CHHATTISGARH,Rural,5-9,2206437,1117796,1088641,2008210,1015110,993100,188694,97745,90949,9533,4941,4592
22,CHHATTISGARH,Rural,10-14,2289627,1155074,1134553,1974135,991638,982497,290842,150015,140827,24650,13421,11229
22,CHHATTISGARH,Rural,15-19,1998051,1009334,988717,1730140,869727,860413,238374,123590,114784,29537,16017,13520
22,CHHATTISGARH,Rural,20-24,1773929,885162,888767,1533289,758952,774337,212775,110298,102477,27865,15912,11953
22,CHHATTISGARH,Rural,25-29,1508182,770527,737655,1304435,656415,648020,180695,99758,80937,23052,14354,8698
22,CHHATTISGARH,Rural,30-49,4846892,2426456,2420436,4262620,2093354,2169266,523589,293217,230372,60683,39885,20798
22,CHHATTISGARH,Rural,50-69,2362345,1136287,1226058,2123471,1000557,1122914,219520,122561,96959,19354,13169,6185
22,CHHATTISGARH,Rural,70+,580824,266753,314071,536437,242377,294060,41737,22633,19104,2650,1743,907
22,CHHATTISGARH,Rural,Total,19607961,9797426,9810535,17513150,8657472,8855678,1897368,1020433,876935,197443,119521,77922
22,CHHATTISGARH,Rural,Age not stated,13987,7242,6745,12726,6547,6179,1142,616,526,119,79,40
22,CHHATTISGARH,Total,5-9,2758758,1404079,1354679,2486949,1262475,1224474,257079,133958,123121,14730,7646,7084
22,CHHATTISGARH,Total,10-14,2884013,1461185,1422828,2447843,1234464,1213379,395908,205155,190753,40262,21566,18696
22,CHHATTISGARH,Total,15-19,2599842,1319451,1280391,2194206,1108676,1085530,353697,183278,170419,51939,27497,24442
22,CHHATTISGARH,Total,20-24,2389497,1193378,1196119,1999549,991977,1007572,335938,172433,163505,54010,28968,25042
22,CHHATTISGARH,Total,25-29,2057300,1049238,1008062,1716432,865253,851179,293630,157326,136304,47238,26659,20579
22,CHHATTISGARH,Total,30-49,6505399,3278664,3226735,5482042,2712105,2769937,878012,479502,398510,145345,87057,58288
22,CHHATTISGARH,Total,50-69,3059852,1492956,1566896,2630080,1250945,1379135,371356,203711,167645,58416,38300,20116
22,CHHATTISGARH,Total,70+,726357,334867,391490,642744,288994,353750,73325,38618,34707,10288,7255,3033
22,CHHATTISGARH,Total,Total,25545198,12832895,12712303,22160975,11012274,11148701,2961654,1575471,1386183,422569,245150,177419
22,CHHATTISGARH,Total,Age not stated,23115,12107,11008,20065,10415,9650,2709,1490,1219,341,202,139
22,CHHATTISGARH,Urban,5-9,552321,286283,266038,478739,247365,231374,68385,36213,32172,5197,2705,2492
22,CHHATTISGARH,Urban,10-14,594386,306111,288275,473708,242826,230882,105066,55140,49926,15612,8145,7467
22,CHHATTISGARH,Urban,15-19,601791,310117,291674,464066,238949,225117,115323,59688,55635,22402,11480,10922
22,CHHATTISGARH,Urban,20-24,615568,308216,307352,466260,233025,233235,123163,62135,61028,26145,13056,13089
22,CHHATTISGARH,Urban,25-29,549118,278711,270407,411997,208838,203159,112935,57568,55367,24186,12305,11881
22,CHHATTISGARH,Urban,30-49,1658507,852208,806299,1219422,618751,600671,354423,186285,168138,84662,47172,37490
22,CHHATTISGARH,Urban,50-69,697507,356669,340838,506609,250388,256221,151836,81150,70686,39062,25131,13931
22,CHHATTISGARH,Urban,70+,145533,68114,77419,106307,46617,59690,31588,15985,15603,7638,5512,2126
22,CHHATTISGARH,Urban,Total,5937237,3035469,2901768,4647825,2354802,2293023,1064286,555038,509248,225126,125629,99497
22,CHHATTISGARH,Urban,Age not stated,9128,4865,4263,7339,3868,3471,1567,874,693,222,123,99
23,MADHYA PRADESH,Rural,5-9,6347575,3292243,3055332,5878969,3055337,2823632,461614,233266,228348,6992,3640,3352
23,MADHYA PRADESH,Rural,10-14,6481035,3338101,3142934,5639468,2906307,2733161,769845,394112,375733,71722,37682,34040
23,MADHYA PRADESH,Rural,15-19,5359720,2862347,2497373,4541866,2419472,2122394,683107,365613,317494,134747,77262,57485
23,MADHYA PRADESH,Rural,20-24,4678759,2481628,2197131,4016407,2100172,1916235,564351,318086,246265,98001,63370,34631
23,MADHYA PRADESH,Rural,25-29,3990858,2067454,1923404,3488457,1771627,1716830,437978,251820,186158,64423,44007,20416
23,MADHYA PRADESH,Rural,30-49,12409344,6380114,6029230,11023072,5552320,5470752,1244630,722303,522327,141642,105491,36151
23,MADHYA PRADESH,Rural,50-69,5776192,2901637,2874555,5243134,2588485,2654649,494478,282619,211859,38580,30533,8047
23,MADHYA PRADESH,Rural,70+,1703051,818793,884258,1589557,756448,833109,107269,57683,49586,6225,4662,1563
23,MADHYA PRADESH,Rural,Total,52557404,27149388,25408016,47228049,24155117,23072932,4766617,2627374,2139243,562738,366897,195841
23,MADHYA PRADESH,Rural,Age not stated,47310,24875,22435,43559,22753,20806,3345,1872,1473,406,250,156
23,MADHYA PRADESH,Total,5-9,8266455,4309693,3956762,7614426,3975910,3638516,632335,323539,308796,19694,10244,9450
23,MADHYA PRADESH,Total,10-14,8564501,4439329,4125172,7339177,3805046,3534131,1104626,571166,533460,120698,63117,57581
23,MADHYA PRADESH,Total,15-19,7446789,3980072,3466717,6079348,3247964,2831384,1146772,611018,535754,220669,121090,99579
23,MADHYA PRADESH,Total,20-24,6727579,3554088,3173491,5460009,2851996,2608013,1077776,591195,486581,189794,110897,78897
23,MADHYA PRADESH,Total,25-29,5787506,2988325,2799181,4782066,2425477,2356589,864317,478798,385519,141123,84050,57073
23,MADHYA PRADESH,Total,30-49,17814066,9176855,8637211,14971146,7531352,7439794,2464992,1406311,1058681,377928,239192,138736
23,MADHYA PRADESH,Total,50-69,8166920,4146233,4020687,6982446,3433710,3548736,1028503,605737,422766,155971,106786,49185
23,MADHYA PRADESH,Total,70+,2298845,1100088,1198757,2046904,954877,1092027,221341,123327,98014,30600,21884,8716
23,MADHYA PRADESH,Total,Total,72626809,37612306,35014503,62818127,32137607,30680520,8550729,4716569,3834160,1257953,758130,499823
23,MADHYA PRADESH,Total,Age not stated,82862,43376,39486,71319,37028,34291,10067,5478,4589,1476,870,606
23,MADHYA PRADESH,Urban,5-9,1918880,1017450,901430,1735457,920573,814884,170721,90273,80448,12702,6604,6098
23,MADHYA PRADESH,Urban,10-14,2083466,1101228,982238,1699709,898739,800970,334781,177054,157727,48976,25435,23541
23,MADHYA PRADESH,Urban,15-19,2087069,1117725,969344,1537482,828492,708990,463665,245405,218260,85922,43828,42094
23,MADHYA PRADESH,Urban,20-24,2048820,1072460,976360,1443602,751824,691778,513425,273109,240316,91793,47527,44266
23,MADHYA PRADESH,Urban,25-29,1796648,920871,875777,1293609,653850,639759,426339,226978,199361,76700,40043,36657
23,MADHYA PRADESH,Urban,30-49,5404722,2796741,2607981,3948074,1979032,1969042,1220362,684008,536354,236286,133701,102585
23,MADHYA PRADESH,Urban,50-69,2390728,1244596,1146132,1739312,845225,894087,534025,323118,210907,117391,76253,41138
23,MADHYA PRADESH,Urban,70+,595794,281295,314499,457347,198429,258918,114072,65644,48428,24375,17222,7153
23,MADHYA PRADESH,Urban,Total,20069405,10462918,9606487,15590078,7982490,7607588,3784112,2089195,1694917,695215,391233,303982
23,MADHYA PRADESH,Urban,Age not stated,35552,18501,17051,27760,14275,13485,6722,3606,3116,1070,620,450
24,GUJARAT,Rural,5-9,3608635,1902056,1706579,3345862,1763655,1582207,241984,126949,115035,20789,11452,9337
24,GUJARAT,Rural,10-14,3787881,1989379,1798502,2069731,1063691,1006040,1355385,723648,631737,362765,202040,160725
24,GUJARAT,Rural,15-19,3406534,1781574,1624960,1352017,625878,726139,1393116,762159,630957,661401,393537,267864
24,GUJARAT,Rural,20-24,3129114,1613761,1515353,1439590,625837,813753,1144712,652397,492315,544812,335527,209285
24,GUJARAT,Rural,25-29,2767541,1439403,1328138,1429416,615222,814194,944212,565660,378552,393913,258521,135392
24,GUJARAT,Rural,30-49,8927464,4575469,4351995,5682963,2442038,3240925,2438610,1558605,880005,805891,574826,231065
24,GUJARAT,Rural,50-69,4396851,2160087,2236764,3433583,1469815,1963768,756123,523054,233069,207145,167218,39927
24,GUJARAT,Rural,70+,1154014,509299,644715,1014555,414795,599760,114443,74768,39675,25016,19736,5280
24,GUJARAT,Rural,Total,34694609,17799159,16895450,23246269,10826569,12419700,8417052,5003643,3413409,3031288,1968947,1062341
24,GUJARAT,Rural,Age not stated,115682,59273,56409,77659,36780,40879,28467,16403,12064,9556,6090,3466
24,GUJARAT,Total,5-9,5835836,3126401,2709435,5072255,2711888,2360367,642555,346764,295791,121026,67749,53277
24,GUJARAT,Total,10-14,6149445,3283834,2865611,3053558,1598663,1454895,2339586,1263642,1075944,756301,421529,334772
24,GUJARAT,Total,15-19,5865760,3146110,2719650,2057537,1016403,1041134,2401229,1317614,1083615,1406994,812093,594901
24,GUJARAT,Total,20-24,5780722,3046127,2734595,2251453,1053992,1197461,2185827,1217037,968790,1343442,775098,568344
24,GUJARAT,Total,25-29,5278822,2767283,2511539,2209752,1002328,1207424,1967601,1115970,851631,1101469,648985,452484
24,GUJARAT,Total,30-49,16291242,8431107,7860135,8172332,3570902,4601430,5440740,3199163,2241577,2678170,1661042,1017128
24,GUJARAT,Total,50-69,7649954,3848622,3801332,4727721,1989289,2738432,1942061,1188614,753447,980172,670719,309453
24,GUJARAT,Total,70+,1888735,844340,1044395,1409700,551038,858662,329756,189031,140725,149279,104271,45008
24,GUJARAT,Total,Total,60439692,31491260,28948432,34547351,16431518,18115833,17321770,9878480,7443290,8570571,5181262,3389309
24,GUJARAT,Total,Age not stated,238844,125546,113298,132711,65125,67586,72415,40645,31770,33718,19776,13942
24,GUJARAT,Urban,5-9,2227201,1224345,1002856,1726393,948233,778160,400571,219815,180756,100237,56297,43940
24,GUJARAT,Urban,10-14,2361564,1294455,1067109,983827,534972,448855,984201,539994,444207,393536,219489,174047
24,GUJARAT,Urban,15-19,2459226,1364536,1094690,705520,390525,314995,1008113,555455,452658,745593,418556,327037
24,GUJARAT,Urban,20-24,2651608,1432366,1219242,811863,428155,383708,1041115,564640,476475,798630,439571,359059
24,GUJARAT,Urban,25-29,2511281,1327880,1183401,780336,387106,393230,1023389,550310,473079,707556,390464,317092
24,GUJARAT,Urban,30-49,7363778,3855638,3508140,2489369,1128864,1360505,3002130,1640558,1361572,1872279,1086216,786063
24,GUJARAT,Urban,50-69,3253103,1688535,1564568,1294138,519474,774664,1185938,665560,520378,773027,503501,269526
24,GUJARAT,Urban,70+,734721,335041,399680,395145,136243,258902,215313,114263,101050,124263,84535,39728
24,GUJARAT,Urban,Total,25745083,13692101,12052982,11301082,5604949,5696133,8904718,4874837,4029881,5539283,3212315,2326968
24,GUJARAT,Urban,Age not stated,123162,66273,56889,55052,28345,26707,43948,24242,19706,24162,13686,10476
25,DAMAN & DIU,Rural,5-9,5767,2982,2785,4981,2583,2398,689,342,347,97,57,40
25,DAMAN & DIU,Rural,10-14,6335,3302,3033,2691,1429,1262,2989,1504,1485,655,369,286
25,DAMAN & DIU,Rural,15-19,6655,3766,2889,1727,1147,580,3318,1744,1574,1610,875,735
25,DAMAN & DIU,Rural,20-24,7024,4117,2907,2320,1432,888,3234,1783,1451,1470,902,568
25,DAMAN & DIU,Rural,25-29,6125,3416,2709,2318,1229,1089,2689,1472,1217,1118,715,403
25,DAMAN & DIU,Rural,30-49,16013,8825,7188,7361,3337,4024,6282,3797,2485,2370,1691,679
25,DAMAN & DIU,Rural,50-69,5895,2753,3142,3907,1378,2529,1556,1028,528,432,347,85
25,DAMAN & DIU,Rural,70+,1325,499,826,1077,359,718,200,111,89,48,29,19
25,DAMAN & DIU,Rural,Total,60396,32395,28001,31597,15607,15990,20990,11797,9193,7809,4991,2818
25,DAMAN & DIU,Rural,Age not stated,83,43,40,41,21,20,33,16,17,9,6,3
25,DAMAN & DIU,Total,5-9,18506,9828,8678,14290,7555,6735,3366,1796,1570,850,477,373
25,DAMAN & DIU,Total,10-14,17321,9300,8021,6972,3850,3122,7564,3963,3601,2785,1487,1298
25,DAMAN & DIU,Total,15-19,26314,18239,8075,11682,9733,1949,9891,5858,4033,4741,2648,2093
25,DAMAN & DIU,Total,20-24,38584,27925,10659,19439,15557,3882,13751,8977,4774,5394,3391,2003
25,DAMAN & DIU,Total,25-29,33181,22044,11137,15657,11158,4499,12392,7637,4755,5132,3249,1883
25,DAMAN & DIU,Total,30-49,66800,41602,25198,27220,16806,10414,27437,16627,10810,12143,8169,3974
25,DAMAN & DIU,Total,50-69,18727,9381,9346,9196,3368,5828,6474,3917,2557,3057,2096,961
25,DAMAN & DIU,Total,70+,4300,1714,2586,2777,827,1950,1045,562,483,478,325,153
25,DAMAN & DIU,Total,Total,243247,150301,92946,126618,79041,47577,82027,49404,32623,34602,21856,12746
25,DAMAN & DIU,Total,Age not stated,356,248,108,227,167,60,107,67,40,22,14,8
25,DAMAN & DIU,Urban,5-9,12739,6846,5893,9309,4972,4337,2677,1454,1223,753,420,333
25,DAMAN & DIU,Urban,10-14,10986,5998,4988,4281,2421,1860,4575,2459,2116,2130,1118,1012
25,DAMAN & DIU,Urban,15-19,19659,14473,5186,9955,8586,1369,6573,4114,2459,3131,1773,1358
25,DAMAN & DIU,Urban,20-24,31560,23808,7752,17119,14125,2994,10517,7194,3323,3924,2489,1435
25,DAMAN & DIU,Urban,25-29,27056,18628,8428,13339,9929,3410,9703,6165,3538,4014,2534,1480
25,DAMAN & DIU,Urban,30-49,50787,32777,18010,19859,13469,6390,21155,12830,8325,9773,6478,3295
25,DAMAN & DIU,Urban,50-69,12832,6628,6204,5289,1990,3299,4918,2889,2029,2625,1749,876
25,DAMAN & DIU,Urban,70+,2975,1215,1760,1700,468,1232,845,451,394,430,296,134
25,DAMAN & DIU,Urban,Total,182851,117906,64945,95021,63434,31587,61037,37607,23430,26793,16865,9928
25,DAMAN & DIU,Urban,Age not stated,273,205,68,186,146,40,74,51,23,13,8,5
26,DADRA & NAGAR HAVELI,Rural,5-9,21040,10794,10246,10161,5204,4957,9544,4913,4631,1335,677,658
26,DADRA & NAGAR HAVELI,Rural,10-14,22352,11564,10788,3595,1741,1854,10788,5535,5253,7969,4288,3681
26,DADRA & NAGAR HAVELI,Rural,15-19,19013,10775,8238,4248,2681,1567,7068,3568,3500,7697,4526,3171
26,DADRA & NAGAR HAVELI,Rural,20-24,21932,13066,8866,7058,4554,2504,8470,4494,3976,6404,4018,2386
26,DADRA & NAGAR HAVELI,Rural,25-29,17657,10255,7402,5550,3176,2374,7406,3907,3499,4701,3172,1529
26,DADRA & NAGAR HAVELI,Rural,30-49,41722,22528,19194,13595,6329,7266,18854,9616,9238,9273,6583,2690
26,DADRA & NAGAR HAVELI,Rural,50-69,16016,7807,8209,6496,2412,4084,7447,3877,3570,2073,1518,555
26,DADRA & NAGAR HAVELI,Rural,70+,2561,993,1568,1353,431,922,1028,459,569,180,103,77
26,DADRA & NAGAR HAVELI,Rural,Total,183114,98305,84809,72782,36996,35786,70674,36412,34262,39658,24897,14761
26,DADRA & NAGAR HAVELI,Rural,Age not stated,220,113,107,125,58,67,69,43,26,26,12,14
26,DADRA & NAGAR HAVELI,Total,5-9,36249,19059,17190,19958,10511,9447,13483,7065,6418,2808,1483,1325
26,DADRA & NAGAR HAVELI,Total,10-14,35003,18385,16618,7614,3915,3699,16222,8408,7814,11167,6062,5105
26,DADRA & NAGAR HAVELI,Total,15-19,33104,19979,13125,9424,6730,2694,12481,6751,5730,11199,6498,4701
26,DADRA & NAGAR HAVELI,Total,20-24,44301,27595,16706,16809,11702,5107,16969,9565,7404,10523,6328,4195
26,DADRA & NAGAR HAVELI,Total,25-29,39885,23496,16389,14434,8812,5622,16213,8913,7300,9238,5771,3467
26,DADRA & NAGAR HAVELI,Total,30-49,87888,51044,36844,28187,15458,12729,38106,20960,17146,21595,14626,6969
26,DADRA & NAGAR HAVELI,Total,50-69,26001,13290,12711,9410,3710,5700,12096,6389,5707,4495,3191,1304
26,DADRA & NAGAR HAVELI,Total,70+,4345,1810,2535,2137,706,1431,1765,832,933,443,272,171
26,DADRA & NAGAR HAVELI,Total,Total,343709,193760,149949,144726,80549,64177,127467,68955,58512,71516,44256,27260
26,DADRA & NAGAR HAVELI,Total,Age not stated,372,200,172,192,103,89,132,72,60,48,25,23
26,DADRA & NAGAR HAVELI,Urban,5-9,15209,8265,6944,9797,5307,4490,3939,2152,1787,1473,806,667
26,DADRA & NAGAR HAVELI,Urban,10-14,12651,6821,5830,4019,2174,1845,5434,2873,2561,3198,1774,1424
26,DADRA & NAGAR HAVELI,Urban,15-19,14091,9204,4887,5176,4049,1127,5413,3183,2230,3502,1972,1530
26,DADRA & NAGAR HAVELI,Urban,20-24,22369,14529,7840,9751,7148,2603,8499,5071,3428,4119,2310,1809
26,DADRA & NAGAR HAVELI,Urban,25-29,22228,13241,8987,8884,5636,3248,8807,5006,3801,4537,2599,1938
26,DADRA & NAGAR HAVELI,Urban,30-49,46166,28516,17650,14592,9129,5463,19252,11344,7908,12322,8043,4279
26,DADRA & NAGAR HAVELI,Urban,50-69,9985,5483,4502,2914,1298,1616,4649,2512,2137,2422,1673,749
26,DADRA & NAGAR HAVELI,Urban,70+,1784,817,967,784,275,509,737,373,364,263,169,94
26,DADRA & NAGAR HAVELI,Urban,Total,160595,95455,65140,71944,43553,28391,56793,32543,24250,31858,19359,12499
26,DADRA & NAGAR HAVELI,Urban,Age not stated,152,87,65,67,45,22,63,29,34,22,13,9
27,MAHARASHTRA,Rural,5-9,5650613,2971867,2678746,4778156,2511717,2266439,786820,414100,372720,85637,46050,39587
27,MAHARASHTRA,Rural,10-14,6256057,3288156,2967901,3530153,1848999,1681154,2175696,1146359,1029337,550208,292798,257410
27,MAHARASHTRA,Rural,15-19,5979665,3209224,2770441,2199394,1143354,1056040,2592070,1408288,1183782,1188201,657582,530619
27,MAHARASHTRA,Rural,20-24,5764844,3018199,2746645,2233875,1031143,1202732,2396922,1308774,1088148,1134047,678282,455765
27,MAHARASHTRA,Rural,25-29,5025278,2589352,2435926,2135071,930059,1205012,2064957,1142999,921958,825250,516294,308956
27,MAHARASHTRA,Rural,30-49,15549255,7862125,7687130,8407024,3476300,4930724,5468048,3236347,2231701,1674183,1149478,524705
27,MAHARASHTRA,Rural,50-69,8901339,4274824,4626515,6145708,2510924,3634784,2249044,1388709,860335,506587,375191,131396
27,MAHARASHTRA,Rural,70+,2805285,1348193,1457092,2201289,974235,1227054,513028,309477,203551,90968,64481,26487
27,MAHARASHTRA,Rural,Total,61556074,31539034,30017040,37177406,17358930,19818476,18305693,10388783,7916910,6072975,3791321,2281654
27,MAHARASHTRA,Rural,Age not stated,205929,108723,97206,128927,63828,65099,59108,33730,25378,17894,11165,6729
27,MAHARASHTRA,Total,5-9,9820654,5178177,4642477,7551868,3978947,3572921,1841785,971431,870354,427001,227799,199202
27,MAHARASHTRA,Total,10-14,10734535,5662261,5072274,5056528,2664496,2392032,4146991,2187018,1959973,1531016,810747,720269
27,MAHARASHTRA,Total,15-19,10627267,5710400,4916867,3258481,1741653,1516828,4582822,2474106,2108716,2785964,1494641,1291323
27,MAHARASHTRA,Total,20-24,11090966,5845114,5245852,3477639,1705718,1771921,4611205,2471506,2139699,3002122,1667890,1334232
27,MAHARASHTRA,Total,25-29,10147113,5272560,4874553,3340033,1548173,1791860,4250491,2274927,1975564,2556589,1449460,1107129
27,MAHARASHTRA,Total,30-49,30272010,15606774,14665236,11959872,5131561,6828311,11978850,6650169,5328681,6333288,3825044,2508244
27,MAHARASHTRA,Total,50-69,15525963,7711997,7813966,7954797,3213139,4741658,5043984,2871969,2172015,2527182,1626889,900293
27,MAHARASHTRA,Total,70+,4386103,2096832,2289271,2786162,1178232,1607930,1104461,604041,500420,495480,314559,180921
27,MAHARASHTRA,Total,Total,112374333,58243056,54131277,54954472,26208097,28746375,37695132,20579481,17115651,19724729,11455478,8269251
27,MAHARASHTRA,Total,Age not stated,407696,219312,188384,207066,106549,100517,134543,74314,60229,66087,38449,27638
27,MAHARASHTRA,Urban,5-9,4170041,2206310,1963731,2773712,1467230,1306482,1054965,557331,497634,341364,181749,159615
27,MAHARASHTRA,Urban,10-14,4478478,2374105,2104373,1526375,815497,710878,1971295,1040659,930636,980808,517949,462859
27,MAHARASHTRA,Urban,15-19,4647602,2501176,2146426,1059087,598299,460788,1990752,1065818,924934,1597763,837059,760704
27,MAHARASHTRA,Urban,20-24,5326122,2826915,2499207,1243764,674575,569189,2214283,1162732,1051551,1868075,989608,878467
27,MAHARASHTRA,Urban,25-29,5121835,2683208,2438627,1204962,618114,586848,2185534,1131928,1053606,1731339,933166,798173
27,MAHARASHTRA,Urban,30-49,14722755,7744649,6978106,3552848,1655261,1897587,6510802,3413822,3096980,4659105,2675566,1983539
27,MAHARASHTRA,Urban,50-69,6624624,3437173,3187451,1809089,702215,1106874,2794940,1483260,1311680,2020595,1251698,768897
27,MAHARASHTRA,Urban,70+,1580818,748639,832179,584873,203997,380876,591433,294564,296869,404512,250078,154434
27,MAHARASHTRA,Urban,Total,50818259,26704022,24114237,17777066,8849167,8927899,19389439,10190698,9198741,13651754,7664157,5987597
27,MAHARASHTRA,Urban,Age not stated,201767,110589,91178,78139,42721,35418,75435,40584,34851,48193,27284,20909
28,ANDHRA PRADESH,Rural,5-9,4976869,2559092,2417777,4426188,2274385,2151803,519681,268287,251394,31000,16420,14580
28,ANDHRA PRADESH,Rural,10-14,5565402,2859860,2705542,4306413,2207467,2098946,987732,513529,474203,271257,138864,132393
28,ANDHRA PRADESH,Rural,15-19,5334069,2799993,2534076,3565957,1846087,1719870,1239958,666524,573434,528154,287382,240772
28,ANDHRA PRADESH,Rural,20-24,5263277,2682670,2580607,3633350,1753875,1879475,1172308,650240,522068,457619,278555,179064
28,ANDHRA PRADESH,Rural,25-29,4995581,2453142,2542439,3721423,1711091,2010332,959980,536689,423291,314178,205362,108816
28,ANDHRA PRADESH,Rural,30-49,15088178,7540774,7547404,12191147,5776565,6414582,2339972,1364946,975026,557059,399263,157796
28,ANDHRA PRADESH,Rural,50-69,8383893,3948654,4435239,7237140,3286278,3950862,993319,546939,446380,153434,115437,37997
28,ANDHRA PRADESH,Rural,70+,2140837,1031836,1109001,1890854,889007,1001847,221174,121342,99832,28809,21487,7322
28,ANDHRA PRADESH,Rural,Total,56361702,28243241,28118461,45499270,22062959,23436311,8500920,4705043,3795877,2361512,1475239,886273
28,ANDHRA PRADESH,Rural,Age not stated,401438,201614,199824,314640,152598,162042,66796,36547,30249,20002,12469,7533
28,ANDHRA PRADESH,Total,5-9,7304432,3760398,3544034,6318589,3250729,3067860,870061,449252,420809,115782,60417,55365
28,ANDHRA PRADESH,Total,10-14,8201595,4208884,3992711,5989077,3068562,2920515,1647345,853159,794186,565173,287163,278010
28,ANDHRA PRADESH,Total,15-19,8093747,4196307,3897440,4955557,2545628,2409929,2087538,1096180,991358,1050652,554499,496153
28,ANDHRA PRADESH,Total,20-24,8132094,4055697,4076397,5046602,2383894,2662708,2047177,1088659,958518,1038315,583144,455171
28,ANDHRA PRADESH,Total,25-29,7799036,3809887,3989149,5207195,2362386,2844809,1753360,949387,803973,838481,498114,340367
28,ANDHRA PRADESH,Total,30-49,23148452,11667950,11480502,16779872,7830844,8949028,4481547,2590677,1890870,1887033,1246429,640604
28,ANDHRA PRADESH,Total,50-69,11934675,5733246,6201429,9451186,4215397,5235789,1819298,1035974,783324,664191,481875,182316
28,ANDHRA PRADESH,Total,70+,2910550,1386204,1524346,2416044,1090921,1325123,380539,212177,168362,113967,83106,30861
28,ANDHRA PRADESH,Total,Total,84580777,42442146,42138631,62997443,30248154,32749289,15238958,8357610,6881348,6344376,3836382,2507994
28,ANDHRA PRADESH,Total,Age not stated,771431,387686,383745,548556,263906,284650,152093,82145,69948,70782,41635,29147
28,ANDHRA PRADESH,Urban,5-9,2327563,1201306,1126257,1892401,976344,916057,350380,180965,169415,84782,43997,40785
28,ANDHRA PRADESH,Urban,10-14,2636193,1349024,1287169,1682664,861095,821569,659613,339630,319983,293916,148299,145617
28,ANDHRA PRADESH,Urban,15-19,2759678,1396314,1363364,1389600,699541,690059,847580,429656,417924,522498,267117,255381
28,ANDHRA PRADESH,Urban,20-24,2868817,1373027,1495790,1413252,630019,783233,874869,438419,436450,580696,304589,276107
28,ANDHRA PRADESH,Urban,25-29,2803455,1356745,1446710,1485772,651295,834477,793380,412698,380682,524303,292752,231551
28,ANDHRA PRADESH,Urban,30-49,8060274,4127176,3933098,4588725,2054279,2534446,2141575,1225731,915844,1329974,847166,482808
28,ANDHRA PRADESH,Urban,50-69,3550782,1784592,1766190,2214046,929119,1284927,825979,489035,336944,510757,366438,144319
28,ANDHRA PRADESH,Urban,70+,769713,354368,415345,525190,201914,323276,159365,90835,68530,85158,61619,23539
28,ANDHRA PRADESH,Urban,Total,28219075,14198905,14020170,17498173,8185195,9312978,6738038,3652567,3085471,3982864,2361143,1621721
28,ANDHRA PRADESH,Urban,Age not stated,369993,186072,183921,233916,111308,122608,85297,45598,39699,50780,29166,21614
29,KARNATAKA,Rural,5-9,3309619,1700617,1609002,2688944,1381680,1307264,578309,296930,281379,42366,22007,20359
29,KARNATAKA,Rural,10-14,3662475,1889725,1772750,2540546,1308427,1232119,947983,490679,457304,173946,90619,83327
29,KARNATAKA,Rural,15-19,3658264,1933809,1724455,2298496,1210687,1087809,1037302,549423,487879,322466,173699,148767
29,KARNATAKA,Rural,20-24,3549425,1849584,1699841,2222921,1129315,1093606,1006229,535574,470655,320275,184695,135580
29,KARNATAKA,Rural,25-29,3283508,1645487,1638021,2122992,1019851,1103141,907135,471911,435224,253381,153725,99656
29,KARNATAKA,Rural,30-49,9914738,4957281,4957457,6698004,3175710,3522294,2590853,1376908,1213945,625881,404663,221218
29,KARNATAKA,Rural,50-69,5380650,2615007,2765643,3839788,1775307,2064481,1285243,668377,616866,255619,171323,84296
29,KARNATAKA,Rural,70+,1505332,697995,807337,1116380,493788,622592,335659,169270,166389,53293,34937,18356
29,KARNATAKA,Rural,Total,37469335,18929354,18539981,26726883,13130957,13595926,8694265,4562138,4132127,2048187,1236259,811928
29,KARNATAKA,Rural,Age not stated,25829,13953,11876,19317,10296,9021,5552,3066,2486,960,591,369
29,KARNATAKA,Total,5-9,5241509,2696670,2544839,3935185,2024944,1910241,1099923,565142,534781,206401,106584,99817
29,KARNATAKA,Total,10-14,5736646,2955287,2781359,3427238,1764481,1662757,1726449,891126,835323,582959,299680,283279
29,KARNATAKA,Total,15-19,5827277,3042048,2785229,3043383,1591582,1451801,1853483,968441,885042,930411,482025,448386
29,KARNATAKA,Total,20-24,6052558,3109586,2942972,3052783,1525824,1526959,1935915,1008794,927121,1063860,574968,488892
29,KARNATAKA,Total,25-29,5771606,2879254,2892352,2957337,1396305,1561032,1813823,924699,889124,1000446,558250,442196
29,KARNATAKA,Total,30-49,16740325,8491283,8249042,9020103,4217940,4802163,5053037,2660127,2392910,2667185,1613216,1053969
29,KARNATAKA,Total,50-69,8421945,4156340,4265605,4921212,2213266,2707946,2348325,1204697,1143628,1152408,738377,414031
29,KARNATAKA,Total,70+,2210861,1028755,1182106,1408198,600639,807559,578328,284511,293817,224335,143605,80730
29,KARNATAKA,Total,Total,61095297,30966657,30128640,36842703,17933772,18908931,16420465,8513790,7906675,7832129,4519095,3313034
29,KARNATAKA,Total,Age not stated,45851,25410,20441,30545,16767,13778,11182,6253,4929,4124,2390,1734
29,KARNATAKA,Urban,5-9,1931890,996053,935837,1246241,643264,602977,521614,268212,253402,164035,84577,79458
29,KARNATAKA,Urban,10-14,2074171,1065562,1008609,886692,456054,430638,778466,400447,378019,409013,209061,199952
29,KARNATAKA,Urban,15-19,2169013,1108239,1060774,744887,380895,363992,816181,419018,397163,607945,308326,299619
29,KARNATAKA,Urban,20-24,2503133,1260002,1243131,829862,396509,433353,929686,473220,456466,743585,390273,353312
29,KARNATAKA,Urban,25-29,2488098,1233767,1254331,834345,376454,457891,906688,452788,453900,747065,404525,342540
29,KARNATAKA,Urban,30-49,6825587,3534002,3291585,2322099,1042230,1279869,2462184,1283219,1178965,2041304,1208553,832751
29,KARNATAKA,Urban,50-69,3041295,1541333,1499962,1081424,437959,643465,1063082,536320,526762,896789,567054,329735
29,KARNATAKA,Urban,70+,705529,330760,374769,291818,106851,184967,242669,115241,127428,171042,108668,62374
29,KARNATAKA,Urban,Total,23625962,12037303,11588659,10115820,4802815,5313005,7726200,3951652,3774548,5783942,3282836,2501106
29,KARNATAKA,Urban,Age not stated,20022,11457,8565,11228,6471,4757,5630,3187,2443,3164,1799,1365
30,GOA,Rural,5-9,39364,20165,19199,19931,10312,9619,14080,7156,6924,5353,2697,2656
30,GOA,Rural,10-14,41666,21304,20362,4529,2363,2166,15287,7803,7484,21850,11138,10712
30,GOA,Rural,15-19,42371,22000,20371,2963,1723,1240,9570,5032,4538,29838,15245,14593
30,GOA,Rural,20-24,47290,24590,22700,4426,2550,1876,11737,6177,5560,31127,15863,15264
30,GOA,Rural,25-29,49917,25250,24667,4791,2416,2375,12947,6349,6598,32179,16485,15694
30,GOA,Rural,30-49,172639,86834,85805,23307,8781,14526,48936,22889,26047,100396,55164,45232
30,GOA,Rural,50-69,95126,45198,49928,29214,8938,20276,30578,14529,16049,35334,21731,13603
30,GOA,Rural,70+,24601,10179,14422,11581,3369,8212,7600,3626,3974,5420,3184,2236
30,GOA,Rural,Total,551731,275436,276295,138889,60030,78859,151061,73731,77330,261781,141675,120106
30,GOA,Rural,Age not stated,918,484,434,308,146,162,326,170,156,284,168,116
30,GOA,Total,5-9,105968,54672,51296,50579,26201,24378,35672,18264,17408,19717,10207,9510
30,GOA,Total,10-14,110989,57417,53572,12087,6372,5715,37980,19787,18193,60922,31258,29664
30,GOA,Total,15-19,113875,60075,53800,9235,5599,3636,27104,14679,12425,77536,39797,37739
30,GOA,Total,20-24,130745,70616,60129,14465,8751,5714,34773,19527,15246,81507,42338,39169
30,GOA,Total,25-29,132626,67744,64882,14416,7617,6799,35335,18081,17254,82875,42046,40829
30,GOA,Total,30-49,455405,230383,225022,52123,21850,30273,123069,59760,63309,280213,148773,131440
30,GOA,Total,50-69,244268,118908,125360,54892,16626,38266,71479,33237,38242,117897,69045,48852
30,GOA,Total,70+,61372,26210,35162,22630,6323,16307,18840,8397,10443,19902,11490,8412
30,GOA,Total,Total,1458545,739140,719405,332393,151756,180637,384903,192062,192841,741249,395322,345927
30,GOA,Total,Age not stated,2094,1098,996,763,400,363,651,330,321,680,368,312
30,GOA,Urban,5-9,66604,34507,32097,30648,15889,14759,21592,11108,10484,14364,7510,6854
30,GOA,Urban,10-14,69323,36113,33210,7558,4009,3549,22693,11984,10709,39072,20120,18952
30,GOA,Urban,15-19,71504,38075,33429,6272,3876,2396,17534,9647,7887,47698,24552,23146
30,GOA,Urban,20-24,83455,46026,37429,10039,6201,3838,23036,13350,9686,50380,26475,23905
30,GOA,Urban,25-29,82709,42494,40215,9625,5201,4424,22388,11732,10656,50696,25561,25135
30,GOA,Urban,30-49,282766,143549,139217,28816,13069,15747,74133,36871,37262,179817,93609,86208
30,GOA,Urban,50-69,149142,73710,75432,25678,7688,17990,40901,18708,22193,82563,47314,35249
30,GOA,Urban,70+,36771,16031,20740,11049,2954,8095,11240,4771,6469,14482,8306,6176
30,GOA,Urban,Total,906814,463704,443110,193504,91726,101778,233842,118331,115511,479468,253647,225821
30,GOA,Urban,Age not stated,1176,614,562,455,254,201,325,160,165,396,200,196
31,LAKSHADWEEP,Rural,5-9,1384,728,656,1354,713,641,7,3,4,23,12,11
31,LAKSHADWEEP,Rural,10-14,1389,612,777,1266,562,704,61,26,35,62,24,38
31,LAKSHADWEEP,Rural,15-19,1147,525,622,707,353,354,197,74,123,243,98,145
31,LAKSHADWEEP,Rural,20-24,1280,680,600,690,378,312,254,133,121,336,169,167
31,LAKSHADWEEP,Rural,25-29,1305,682,623,781,390,391,221,125,96,303,167,136
31,LAKSHADWEEP,Rural,30-49,4029,2115,1914,2740,1252,1488,549,354,195,740,509,231
31,LAKSHADWEEP,Rural,50-69,1990,1068,922,1515,697,818,197,150,47,278,221,57
31,LAKSHADWEEP,Rural,70+,355,183,172,321,161,160,13,10,3,21,12,9
31,LAKSHADWEEP,Rural,Total,14141,7243,6898,10634,5155,5479,1500,875,625,2007,1213,794
31,LAKSHADWEEP,Rural,Age not stated,27,20,7,25,19,6,1,0,1,1,1,0
31,LAKSHADWEEP,Total,5-9,5407,2760,2647,5254,2675,2579,110,61,49,43,24,19
31,LAKSHADWEEP,Total,10-14,5998,2854,3144,5060,2429,2631,525,225,300,413,200,213
31,LAKSHADWEEP,Total,15-19,5624,2808,2816,3369,1716,1653,1004,484,520,1251,608,643
31,LAKSHADWEEP,Total,20-24,5829,3071,2758,3145,1658,1487,1169,607,562,1515,806,709
31,LAKSHADWEEP,Total,25-29,5967,3135,2832,3334,1645,1689,1177,653,524,1456,837,619
31,LAKSHADWEEP,Total,30-49,19244,9961,9283,12380,5535,6845,3158,1823,1335,3706,2603,1103
31,LAKSHADWEEP,Total,50-69,9414,4937,4477,6653,2750,3903,1249,889,360,1512,1298,214
31,LAKSHADWEEP,Total,70+,1823,875,948,1571,660,911,178,160,18,74,55,19
31,LAKSHADWEEP,Total,Total,64473,33123,31350,45920,21785,24135,8572,4903,3669,9981,6435,3546
31,LAKSHADWEEP,Total,Age not stated,115,74,41,102,69,33,2,1,1,11,4,7
31,LAKSHADWEEP,Urban,5-9,4023,2032,1991,3900,1962,1938,103,58,45,20,12,8
31,LAKSHADWEEP,Urban,10-14,4609,2242,2367,3794,1867,1927,464,199,265,351,176,175
31,LAKSHADWEEP,Urban,15-19,4477,2283,2194,2662,1363,1299,807,410,397,1008,510,498
31,LAKSHADWEEP,Urban,20-24,4549,2391,2158,2455,1280,1175,915,474,441,1179,637,542
31,LAKSHADWEEP,Urban,25-29,4662,2453,2209,2553,1255,1298,956,528,428,1153,670,483
31,LAKSHADWEEP,Urban,30-49,15215,7846,7369,9640,4283,5357,2609,1469,1140,2966,2094,872
31,LAKSHADWEEP,Urban,50-69,7424,3869,3555,5138,2053,3085,1052,739,313,1234,1077,157
31,LAKSHADWEEP,Urban,70+,1468,692,776,1250,499,751,165,150,15,53,43,10
31,LAKSHADWEEP,Urban,Total,50332,25880,24452,35286,16630,18656,7072,4028,3044,7974,5222,2752
31,LAKSHADWEEP,Urban,Age not stated,88,54,34,77,50,27,1,1,0,10,3,7
32,KERALA,Rural,5-9,1348204,687077,661127,1292765,659124,633641,47238,23864,23374,8201,4089,4112
32,KERALA,Rural,10-14,1499338,762897,736441,1268462,650416,618046,157663,78081,79582,73213,34400,38813
32,KERALA,Rural,15-19,1365813,696204,669609,883086,460653,422433,301309,149025,152284,181418,86526,94892
32,KERALA,Rural,20-24,1386061,680283,705778,832359,410392,421967,349449,170822,178627,204253,99069,105184
32,KERALA,Rural,25-29,1369036,639039,729997,919968,425373,494595,285648,134045,151603,163420,79621,83799
32,KERALA,Rural,30-49,5096909,2357969,2738940,3766485,1654971,2111514,868193,447520,420673,462231,255478,206753
32,KERALA,Rural,50-69,3154757,1523691,1631066,2553968,1144565,1409403,371961,224041,147920,228828,155085,73743
32,KERALA,Rural,70+,947340,398406,548934,839579,327980,511599,69891,42515,27376,37870,27911,9959
32,KERALA,Rural,Total,17471135,8408054,9063081,13657664,6394470,7263194,2453128,1270901,1182227,1360343,742683,617660
32,KERALA,Rural,Age not stated,17337,8679,8658,14652,7187,7465,1776,988,788,909,504,405
32,KERALA,Total,5-9,2555112,1303190,1251922,2430728,1240485,1190243,102650,51792,50858,21734,10913,10821
32,KERALA,Total,10-14,2822770,1438917,1383853,2335214,1198923,1136291,323468,161604,161864,164088,78390,85698
32,KERALA,Total,15-19,2610552,1328299,1282253,1626085,848426,777659,590112,292122,297990,394355,187751,206604
32,KERALA,Total,20-24,2665809,1298826,1366983,1529001,749218,779783,685063,332194,352869,451745,217414,234331
32,KERALA,Total,25-29,2604092,1203978,1400114,1683793,770060,913733,555072,257571,297501,365227,176347,188880
32,KERALA,Total,30-49,9796202,4513058,5283144,6964251,3035700,3928551,1742597,886040,856557,1089354,591318,498036
32,KERALA,Total,50-69,6087358,2937086,3150272,4682255,2061010,2621245,809147,480087,329060,595956,395989,199967
32,KERALA,Total,70+,1776588,739227,1037361,1509799,568838,940961,162551,95574,66977,104238,74815,29423
32,KERALA,Total,Total,33406061,16027412,17378649,25242674,11734292,13508382,4974574,2559063,2415511,3188813,1734057,1454756
32,KERALA,Total,Age not stated,34486,17297,17189,28456,14098,14358,3914,2079,1835,2116,1120,996
32,KERALA,Urban,5-9,1206908,616113,590795,1137963,581361,556602,55412,27928,27484,13533,6824,6709
32,KERALA,Urban,10-14,1323432,676020,647412,1066752,548507,518245,165805,83523,82282,90875,43990,46885
32,KERALA,Urban,15-19,1244739,632095,612644,742999,387773,355226,288803,143097,145706,212937,101225,111712
32,KERALA,Urban,20-24,1279748,618543,661205,696642,338826,357816,335614,161372,174242,247492,118345,129147
32,KERALA,Urban,25-29,1235056,564939,670117,763825,344687,419138,269424,123526,145898,201807,96726,105081
32,KERALA,Urban,30-49,4699293,2155089,2544204,3197766,1380729,1817037,874404,438520,435884,627123,335840,291283
32,KERALA,Urban,50-69,2932601,1413395,1519206,2128287,916445,1211842,437186,256046,181140,367128,240904,126224
32,KERALA,Urban,70+,829248,340821,488427,670220,240858,429362,92660,53059,39601,66368,46904,19464
32,KERALA,Urban,Total,15934926,7619358,8315568,11585010,5339822,6245188,2521446,1288162,1233284,1828470,991374,837096
32,KERALA,Urban,Age not stated,17149,8618,8531,13804,6911,6893,2138,1091,1047,1207,616,591
33,TAMIL NADU,Rural,5-9,2968536,1528954,1439582,2643870,1362225,1281645,307731,157966,149765,16935,8763,8172
33,TAMIL NADU,Rural,10-14,3325160,1726166,1598994,2507960,1305491,1202469,768108,395505,372603,49092,25170,23922
33,TAMIL NADU,Rural,15-19,3373098,1765233,1607865,2115023,1107531,1007492,1178129,614800,563329,79946,42902,37044
33,TAMIL NADU,Rural,20-24,3315234,1658770,1656464,2142198,1046126,1096072,1091134,567400,523734,81902,45244,36658
33,TAMIL NADU,Rural,25-29,3360498,1652498,1708000,2376535,1124739,1251796,912246,484798,427448,71717,42961,28756
33,TAMIL NADU,Rural,30-49,10599054,5226834,5372220,8274177,3883747,4390430,2144551,1225568,918983,180326,117519,62807
33,TAMIL NADU,Rural,50-69,5948176,2908646,3039530,4961406,2323261,2638145,912996,533881,379115,73774,51504,22270
33,TAMIL NADU,Rural,70+,1522074,756725,765349,1306378,631248,675130,201092,115236,85856,14604,10241,4363
33,TAMIL NADU,Rural,Total,37229590,18679065,18550525,29139173,14236206,14902967,7521748,4098341,3423407,568669,344518,224151
33,TAMIL NADU,Rural,Age not stated,35881,18620,17261,29747,15219,14528,5761,3187,2574,373,214,159
33,TAMIL NADU,Total,5-9,5551255,2851293,2699962,4757365,2445885,2311480,722554,369234,353320,71336,36174,35162
33,TAMIL NADU,Total,10-14,6177547,3188990,2988557,4370421,2266272,2104149,1622821,830029,792792,184305,92689,91616
33,TAMIL NADU,Total,15-19,6253792,3229838,3023954,3612480,1878241,1734239,2376231,1216096,1160135,265081,135501,129580
33,TAMIL NADU,Total,20-24,6411543,3154804,3256739,3730933,1799621,1931312,2386383,1203358,1183025,294227,151825,142402
33,TAMIL NADU,Total,25-29,6663746,3237374,3426372,4238019,1991818,2246201,2139007,1089752,1049255,286720,155804,130916
33,TAMIL NADU,Total,30-49,21429281,10648715,10780566,14936405,7033741,7902664,5636854,3103406,2533448,856022,511568,344454
33,TAMIL NADU,Total,50-69,11455580,5690938,5764642,8518367,3956334,4562033,2532071,1466009,1066062,405142,268595,136547
33,TAMIL NADU,Total,70+,2858780,1386775,1472005,2235004,1023469,1211535,540692,306007,234685,83084,57299,25785
33,TAMIL NADU,Total,Total,72147030,36137975,36009055,51730760,25137054,26593706,17969107,9590729,8378378,2447163,1410192,1036971
33,TAMIL NADU,Total,Age not stated,66805,34670,32135,53065,27095,25970,12494,6838,5656,1246,737,509
33,TAMIL NADU,Urban,5-9,2582719,1322339,1260380,2113495,1083660,1029835,414823,211268,203555,54401,27411,26990
33,TAMIL NADU,Urban,10-14,2852387,1462824,1389563,1862461,960781,901680,854713,434524,420189,135213,67519,67694
33,TAMIL NADU,Urban,15-19,2880694,1464605,1416089,1497457,770710,726747,1198102,601296,596806,185135,92599,92536
33,TAMIL NADU,Urban,20-24,3096309,1496034,1600275,1588735,753495,835240,1295249,635958,659291,212325,106581,105744
33,TAMIL NADU,Urban,25-29,3303248,1584876,1718372,1861484,867079,994405,1226761,604954,621807,215003,112843,102160
33,TAMIL NADU,Urban,30-49,10830227,5421881,5408346,6662228,3149994,3512234,3492303,1877838,1614465,675696,394049,281647
33,TAMIL NADU,Urban,50-69,5507404,2782292,2725112,3556961,1633073,1923888,1619075,932128,686947,331368,217091,114277
33,TAMIL NADU,Urban,70+,1336706,630050,706656,928626,392221,536405,339600,190771,148829,68480,47058,21422
33,TAMIL NADU,Urban,Total,34917440,17458910,17458530,22591587,10900848,11690739,10447359,5492388,4954971,1878494,1065674,812820
33,TAMIL NADU,Urban,Age not stated,30924,16050,14874,23318,11876,11442,6733,3651,3082,873,523,350
34,PUDUCHERRY,Rural,5-9,32968,16810,16158,30838,15700,15138,2006,1039,967,124,71,53
34,PUDUCHERRY,Rural,10-14,35351,17972,17379,27717,14121,13596,7103,3610,3493,531,241,290
34,PUDUCHERRY,Rural,15-19,34019,17394,16625,20571,10636,9935,12937,6499,6438,511,259,252
34,PUDUCHERRY,Rural,20-24,36272,17155,19117,22056,10138,11918,13617,6723,6894,599,294,305
34,PUDUCHERRY,Rural,25-29,38840,18442,20398,26791,12158,14633,11377,5892,5485,672,392,280
34,PUDUCHERRY,Rural,30-49,117105,58638,58467,93338,43661,49677,21991,13749,8242,1776,1228,548
34,PUDUCHERRY,Rural,50-69,54067,25672,28395,47520,21067,26453,5862,4058,1804,685,547,138
34,PUDUCHERRY,Rural,70+,14554,6456,8098,13469,5738,7731,956,606,350,129,112,17
34,PUDUCHERRY,Rural,Total,395200,194907,200293,314219,149524,164695,75952,42238,33714,5029,3145,1884
34,PUDUCHERRY,Rural,Age not stated,498,258,240,393,195,198,103,62,41,2,1,1
34,PUDUCHERRY,Total,5-9,98717,50327,48390,87607,44655,42952,9711,4955,4756,1399,717,682
34,PUDUCHERRY,Total,10-14,105726,53936,51790,73076,37367,35709,27879,14185,13694,4771,2384,2387
34,PUDUCHERRY,Total,15-19,102316,52231,50085,50964,26371,24593,43921,22082,21839,7431,3778,3653
34,PUDUCHERRY,Total,20-24,108819,51287,57532,53681,24567,29114,46593,22624,23969,8545,4096,4449
34,PUDUCHERRY,Total,25-29,118244,55052,63192,67931,30412,37519,42315,20606,21709,7998,4034,3964
34,PUDUCHERRY,Total,30-49,387613,192523,195090,255134,116859,138275,106101,60431,45670,26378,15233,11145
34,PUDUCHERRY,Total,50-69,182843,88125,94718,133035,55647,77388,37330,23850,13480,12478,8628,3850
34,PUDUCHERRY,Total,70+,48625,20767,27858,39441,14943,24498,6572,3913,2659,2612,1911,701
34,PUDUCHERRY,Total,Total,1247953,612511,635442,855661,398929,456732,320627,172773,147854,71665,40809,30856
34,PUDUCHERRY,Total,Age not stated,1101,560,541,843,405,438,205,127,78,53,28,25
34,PUDUCHERRY,Urban,5-9,65749,33517,32232,56769,28955,27814,7705,3916,3789,1275,646,629
34,PUDUCHERRY,Urban,10-14,70375,35964,34411,45359,23246,22113,20776,10575,10201,4240,2143,2097
34,PUDUCHERRY,Urban,15-19,68297,34837,33460,30393,15735,14658,30984,15583,15401,6920,3519,3401
34,PUDUCHERRY,Urban,20-24,72547,34132,38415,31625,14429,17196,32976,15901,17075,7946,3802,4144
34,PUDUCHERRY,Urban,25-29,79404,36610,42794,41140,18254,22886,30938,14714,16224,7326,3642,3684
34,PUDUCHERRY,Urban,30-49,270508,133885,136623,161796,73198,88598,84110,46682,37428,24602,14005,10597
34,PUDUCHERRY,Urban,50-69,128776,62453,66323,85515,34580,50935,31468,19792,11676,11793,8081,3712
34,PUDUCHERRY,Urban,70+,34071,14311,19760,25972,9205,16767,5616,3307,2309,2483,1799,684
34,PUDUCHERRY,Urban,Total,852753,417604,435149,541442,249405,292037,244675,130535,114140,66636,37664,28972
34,PUDUCHERRY,Urban,Age not stated,603,302,301,450,210,240,102,65,37,51,27,24
35,ANDAMAN & NICOBAR ISLANDS,Rural,5-9,19265,9849,9416,11324,5837,5487,7002,3538,3464,939,474,465
35,ANDAMAN & NICOBAR ISLANDS,Rural,10-14,21226,10731,10495,5697,2879,2818,11862,6038,5824,3667,1814,1853
35,ANDAMAN & NICOBAR ISLANDS,Rural,15-19,20369,10644,9725,4187,2195,1992,10848,5730,5118,5334,2719,2615
35,ANDAMAN & NICOBAR ISLANDS,Rural,20-24,22540,11654,10886,5261,2640,2621,12186,6353,5833,5093,2661,2432
35,ANDAMAN & NICOBAR ISLANDS,Rural,25-29,25558,13675,11883,6014,3065,2949,14192,7645,6547,5352,2965,2387
35,ANDAMAN & NICOBAR ISLANDS,Rural,30-49,72004,39281,32723,18507,8766,9741,39737,21870,17867,13760,8645,5115
35,ANDAMAN & NICOBAR ISLANDS,Rural,50-69,30908,17252,13656,11450,5101,6349,15832,9476,6356,3626,2675,951
35,ANDAMAN & NICOBAR ISLANDS,Rural,70+,6368,3631,2737,3291,1532,1759,2738,1825,913,339,274,65
35,ANDAMAN & NICOBAR ISLANDS,Rural,Total,237093,126287,110806,84493,41529,42964,114464,62515,51949,38136,22243,15893
35,ANDAMAN & NICOBAR ISLANDS,Rural,Age not stated,180,101,79,87,45,42,67,40,27,26,16,10
35,ANDAMAN & NICOBAR ISLANDS,Total,5-9,30454,15512,14942,16358,8402,7956,12138,6127,6011,1958,983,975
35,ANDAMAN & NICOBAR ISLANDS,Total,10-14,33467,17118,16349,7991,4123,3868,18825,9664,9161,6651,3331,3320
35,ANDAMAN & NICOBAR ISLANDS,Total,15-19,33026,17266,15760,6169,3261,2908,17363,9220,8143,9494,4785,4709
35,ANDAMAN & NICOBAR ISLANDS,Total,20-24,37115,19528,17587,7936,3993,3943,20008,10708,9300,9171,4827,4344
35,ANDAMAN & NICOBAR ISLANDS,Total,25-29,41722,22230,19492,9113,4608,4505,22893,12302,10591,9716,5320,4396
35,ANDAMAN & NICOBAR ISLANDS,Total,30-49,119161,64612,54549,27258,12796,14462,64823,35347,29476,27080,16469,10611
35,ANDAMAN & NICOBAR ISLANDS,Total,50-69,47692,26817,20875,15335,6763,8572,24554,14537,10017,7803,5517,2286
35,ANDAMAN & NICOBAR ISLANDS,Total,70+,8822,4952,3870,4101,1837,2264,3950,2536,1414,771,579,192
35,ANDAMAN & NICOBAR ISLANDS,Total,Total,380581,202871,177710,123156,60493,62663,184717,100532,84185,72708,41846,30862
35,ANDAMAN & NICOBAR ISLANDS,Total,Age not stated,368,195,173,141,69,72,163,91,72,64,35,29
35,ANDAMAN & NICOBAR ISLANDS,Urban,5-9,11189,5663,5526,5034,2565,2469,5136,2589,2547,1019,509,510
35,ANDAMAN & NICOBAR ISLANDS,Urban,10-14,12241,6387,5854,2294,1244,1050,6963,3626,3337,2984,1517,1467
35,ANDAMAN & NICOBAR ISLANDS,Urban,15-19,12657,6622,6035,1982,1066,916,6515,3490,3025,4160,2066,2094
35,ANDAMAN & NICOBAR ISLANDS,Urban,20-24,14575,7874,6701,2675,1353,1322,7822,4355,3467,4078,2166,1912
35,ANDAMAN & NICOBAR ISLANDS,Urban,25-29,16164,8555,7609,3099,1543,1556,8701,4657,4044,4364,2355,2009
35,ANDAMAN & NICOBAR ISLANDS,Urban,30-49,47157,25331,21826,8751,4030,4721,25086,13477,11609,13320,7824,5496
35,ANDAMAN & NICOBAR ISLANDS,Urban,50-69,16784,9565,7219,3885,1662,2223,8722,5061,3661,4177,2842,1335
35,ANDAMAN & NICOBAR ISLANDS,Urban,70+,2454,1321,1133,810,305,505,1212,711,501,432,305,127
35,ANDAMAN & NICOBAR ISLANDS,Urban,Total,143488,76584,66904,38663,18964,19699,70253,38017,32236,34572,19603,14969
35,ANDAMAN & NICOBAR ISLANDS,Urban,Age not stated,188,94,94,54,24,30,96,51,45,38,19,19
